0, 0, 0, 33963.000000, 0, 0 
2, 1, 1, 4.000000, 41205, 0 
4, 2, 10098, 6.000000, 30549, 5 
6, 3, 0, 14.000000, 59464, 0 
8, 4, 1, 8.000000, 24541, 0 
10, 5, 10413, 8.000000, 32125, 0 
12, 6, 10461, 8.000000, 8163, 0 
14, 7, 0, 9.000000, 50201, 0 
16, 8, 1, 11.000000, 31686, 0 
18, 9, 1, 15.000000, 55573, 0 
20, 10, 1, 15.000000, 12386, 0 
22, 11, 11197, 17.000000, 16551, 0 
24, 12, 1, 19.000000, 65093, 0 
26, 13, 0, 21.000000, 52385, 0 
28, 14, 8941, 23.000000, 59353, 0 
30, 15, 0, 36.000000, 62500, 0 
32, 16, 10693, 26.000000, 53480, 0 
34, 17, 11716, 28.000000, 53351, 0 
36, 18, 10377, 31.000000, 47443, 0 
38, 19, 11109, 32.000000, 44447, 0 
40, 20, 1, 22.000000, 6826, 0 
42, 21, 0, 23.000000, 5354, 0 
44, 22, 10867, 35.000000, 38046, 0 
46, 23, 1, 23.000000, 13, 0 
48, 24, 1, 27.000000, 13, 0 
50, 25, 1, 24.000000, 12, 0 
52, 26, 0, 27.000000, 6, 0 
54, 27, 0, 25.000000, 8, 0 
56, 28, 8619, 46.000000, 25864, 0 
58, 29, 11521, 49.000000, 30453, 0 
60, 30, 11521, 51.000000, 29954, 0 
62, 31, 0, 24.000000, 4, 0 
64, 32, 0, 24.000000, 4, 0 
66, 33, 0, 22.000000, 4, 0 
68, 34, 0, 23.000000, 4, 0 
70, 35, 0, 24.000000, 5, 0 
72, 36, 0, 26.000000, 3, 0 
74, 37, 0, 25.000000, 3, 0 
76, 38, 10987, 67.000000, 21979, 0 
78, 39, 1, 24.000000, 7, 0 
80, 40, 1, 24.000000, 6, 0 
82, 41, 10461, 66.000000, 18581, 0 
84, 42, 12091, 75.000000, 22325, 0 
86, 43, 11999, 69.000000, 21014, 0 
88, 44, 11551, 71.000000, 19913, 0 
90, 45, 10870, 70.000000, 18118, 0 
92, 46, 1, 22.000000, 6, 8998 
94, 47, 1, 19.000000, 6, 10959 
96, 48, 1, 25.000000, 5, 7651 
98, 49, 11131, 84.000000, 16290, 0 
100, 50, 11338, 82.000000, 15828, 0 
102, 51, 9615, 73.000000, 14424, 0 
104, 52, 10217, 85.000000, 13759, 0 
106, 53, 10287, 83.000000, 13376, 0 
108, 54, 9089, 62.000000, 9093, 0 
110, 55, 8927, 64.000000, 8931, 0 
112, 56, 8770, 66.000000, 8774, 0 
114, 57, 1, 24.000000, 4, 14000 
116, 58, 1, 24.000000, 4, 14827 
118, 59, 1, 24.000000, 4, 15620 
120, 60, 1, 37.000000, 4, 16386 
122, 61, 1, 23.000000, 4, 16123 
124, 62, 7936, 69.000000, 7938, 0 
126, 63, 7812, 70.000000, 7814, 0 
128, 64, 7692, 72.000000, 7694, 0 
130, 65, 7575, 76.000000, 7577, 0 
132, 66, 7995, 73.000000, 6932, 0 
134, 67, 9803, 90.000000, 9804, 0 
136, 68, 9661, 90.000000, 9662, 0 
138, 69, 9523, 93.000000, 9524, 0 
140, 70, 9389, 95.000000, 9390, 0 
142, 71, 10417, 104.000000, 10417, 0 
144, 72, 1, 24.000000, 3, 13694 
146, 73, 0, 26.000000, 1, 13511 
148, 74, 0, 27.000000, 1, 13331 
150, 75, 0, 23.000000, 1, 13155 
152, 76, 0, 24.000000, 1, 12985 
154, 77, 0, 20.000000, 1, 12818 
156, 78, 0, 25.000000, 1, 12656 
158, 79, 0, 24.000000, 1, 12499 
160, 80, 0, 25.000000, 1, 12343 
162, 81, 0, 24.000000, 1, 13546 
164, 82, 0, 33.000000, 1, 12046 
166, 83, 0, 24.000000, 1, 14879 
168, 84, 0, 25.000000, 1, 14377 
170, 85, 0, 25.000000, 1, 14658 
172, 86, 0, 22.000000, 1, 15490 
174, 87, 0, 23.000000, 1, 16301 
176, 88, 0, 30.000000, 1, 11237 
178, 89, 0, 21.000000, 1, 19651 
180, 90, 0, 20.000000, 1, 21125 
182, 91, 0, 21.000000, 1, 20183 
184, 92, 0, 22.000000, 1, 17663 
186, 93, 0, 25.000000, 1, 15954 
188, 94, 0, 41.000000, 1, 10526 
190, 95, 0, 25.000000, 1, 15623 
192, 96, 0, 27.000000, 1, 15463 
194, 97, 0, 23.000000, 1, 16155 
196, 98, 0, 24.000000, 1, 16161 
198, 99, 0, 24.000000, 1, 16839 
200, 100, 0, 24.000000, 1, 16152 
202, 101, 0, 24.000000, 1, 15475 
204, 102, 0, 20.000000, 1, 11647 
206, 103, 0, 24.000000, 0, 14423 
208, 104, 0, 24.000000, 1, 13490 
210, 105, 0, 23.000000, 0, 12968 
212, 106, 0, 23.000000, 0, 12847 
214, 107, 0, 23.000000, 0, 11958 
216, 108, 0, 22.000000, 0, 11466 
218, 109, 0, 24.000000, 0, 11360 
220, 110, 1, 23.000000, 2, 10507 
222, 111, 1, 24.000000, 2, 10042 
224, 112, 1, 23.000000, 2, 9954 
226, 113, 0, 25.000000, 0, 9135 
228, 114, 1, 24.000000, 2, 11589 
230, 115, 1, 36.000000, 2, 8618 
232, 116, 1, 26.000000, 2, 8546 
234, 117, 1, 25.000000, 2, 8473 
236, 118, 1, 25.000000, 2, 8403 
238, 119, 1, 26.000000, 1, 8331 
240, 120, 1, 27.000000, 1, 8262 
242, 121, 1, 27.000000, 1, 8938 
244, 122, 1, 27.000000, 1, 8870 
246, 123, 1, 21.000000, 1, 14780 
248, 124, 1, 26.000000, 1, 11994 
250, 125, 1, 36.000000, 1, 7934 
252, 126, 1, 29.000000, 1, 9304 
254, 127, 1, 29.000000, 1, 9372 
256, 128, 1, 27.000000, 1, 10073 
258, 129, 1, 26.000000, 1, 10765 
260, 130, 1, 32.000000, 1, 11446 
262, 131, 10099, 131.000000, 2527, 0 
264, 132, 10023, 133.000000, 2508, 0 
266, 133, 9949, 132.000000, 2489, 0 
268, 134, 9875, 136.000000, 2471, 0 
270, 135, 9801, 129.000000, 2452, 0 
272, 136, 9731, 132.000000, 2435, 0 
274, 137, 9661, 130.000000, 2417, 0 
276, 138, 9591, 131.000000, 2400, 0 
278, 139, 9523, 139.000000, 2382, 0 
280, 140, 7092, 24.000000, 2, 0 
282, 141, 7042, 24.000000, 2, 0 
284, 142, 6993, 26.000000, 2, 0 
286, 143, 6944, 24.000000, 2, 0 
288, 144, 6896, 24.000000, 2, 0 
290, 145, 6849, 28.000000, 2, 0 
292, 146, 6802, 26.000000, 2, 0 
294, 147, 6756, 24.000000, 2, 0 
296, 148, 10737, 206.000000, 4027, 0 
298, 149, 6666, 23.000000, 2, 0 
300, 150, 6622, 22.000000, 2, 0 
302, 151, 6578, 24.000000, 2, 0 
304, 152, 6535, 24.000000, 2, 0 
306, 153, 9739, 155.000000, 3247, 0 
308, 154, 9676, 158.000000, 3226, 0 
310, 155, 9616, 156.000000, 3206, 0 
312, 156, 9553, 155.000000, 3185, 0 
314, 157, 6330, 26.000000, 1, 0 
316, 158, 6290, 28.000000, 1, 0 
318, 159, 6251, 25.000000, 1, 0 
320, 160, 6212, 30.000000, 1, 0 
322, 161, 6173, 26.000000, 1, 0 
324, 162, 6135, 22.000000, 1, 0 
326, 163, 6098, 27.000000, 1, 0 
328, 164, 6061, 26.000000, 1, 0 
330, 165, 6025, 25.000000, 1, 0 
332, 166, 5989, 24.000000, 1, 0 
334, 167, 5953, 25.000000, 1, 0 
336, 168, 5918, 26.000000, 1, 0 
338, 169, 5883, 28.000000, 1, 0 
340, 170, 5848, 25.000000, 1, 0 
342, 171, 5814, 25.000000, 1, 0 
344, 172, 5781, 25.000000, 1, 0 
346, 173, 5748, 23.000000, 1, 0 
348, 174, 5715, 25.000000, 1, 0 
350, 175, 9865, 176.000000, 2393, 0 
352, 176, 11297, 174.000000, 2825, 0 
354, 177, 10981, 101.000000, 128, 0 
356, 178, 11039, 163.000000, 68, 0 
358, 179, 11109, 106.000000, 2, 0 
360, 180, 11047, 21.000000, 2, 0 
362, 181, 10987, 26.000000, 2, 0 
364, 182, 10927, 26.000000, 2, 0 
366, 183, 10867, 22.000000, 2, 0 
368, 184, 10809, 24.000000, 2, 0 
370, 185, 10751, 19.000000, 2, 0 
372, 186, 10693, 25.000000, 2, 0 
374, 187, 10637, 24.000000, 2, 0 
376, 188, 10581, 24.000000, 2, 0 
378, 189, 10525, 25.000000, 2, 0 
380, 190, 10469, 27.000000, 2, 0 
382, 191, 10415, 23.000000, 2, 0 
384, 192, 10361, 24.000000, 2, 0 
386, 193, 10307, 24.000000, 2, 0 
388, 194, 10255, 27.000000, 2, 0 
390, 195, 10203, 24.000000, 2, 0 
392, 196, 10151, 23.000000, 2, 0 
394, 197, 10099, 24.000000, 2, 0 
396, 198, 10049, 22.000000, 2, 0 
398, 199, 9999, 24.000000, 2, 0 
400, 200, 9949, 24.000000, 2, 0 
402, 201, 9899, 30.000000, 2, 0 
404, 202, 9851, 23.000000, 2, 0 
406, 203, 9801, 23.000000, 2, 0 
408, 204, 9757, 25.000000, 1, 0 
410, 205, 9709, 26.000000, 1, 0 
412, 206, 9661, 23.000000, 1, 0 
414, 207, 9615, 21.000000, 1, 0 
416, 208, 9569, 25.000000, 1, 0 
418, 209, 9523, 23.000000, 1, 0 
420, 210, 9479, 25.000000, 1, 0 
422, 211, 9433, 24.000000, 1, 0 
424, 212, 9389, 26.000000, 1, 0 
426, 213, 9345, 24.000000, 1, 0 
428, 214, 9303, 26.000000, 1, 0 
430, 215, 9259, 28.000000, 1, 0 
432, 216, 9217, 22.000000, 1, 0 
434, 217, 9175, 23.000000, 1, 0 
436, 218, 10273, 187.000000, 1143, 0 
438, 219, 10225, 171.000000, 1137, 0 
440, 220, 10180, 178.000000, 1132, 0 
442, 221, 10135, 177.000000, 1127, 0 
444, 222, 10090, 178.000000, 1122, 0 
446, 223, 10282, 183.000000, 1037, 0 
448, 224, 10369, 189.000000, 989, 0 
450, 225, 1, 25.000000, 0, 5830 
452, 226, 1, 26.000000, 0, 5605 
454, 227, 10525, 170.000000, 878, 0 
456, 228, 1, 25.000000, 0, 5159 
458, 229, 10432, 182.000000, 871, 0 
460, 230, 1, 25.000000, 0, 4722 
462, 231, 10477, 175.000000, 818, 0 
464, 232, 10645, 180.000000, 743, 0 
466, 233, 1, 25.000000, 0, 4274 
468, 234, 1, 32.000000, 0, 4254 
470, 235, 1, 25.000000, 0, 4237 
472, 236, 1, 23.000000, 0, 4219 
474, 237, 1, 22.000000, 0, 8384 
476, 238, 1, 27.000000, 0, 4648 
478, 239, 1, 28.000000, 0, 4997 
480, 240, 1, 25.000000, 0, 4393 
482, 241, 1, 24.000000, 0, 4860 
484, 242, 1, 23.000000, 0, 5324 
486, 243, 1, 23.000000, 0, 5785 
488, 244, 1, 23.000000, 0, 5715 
490, 245, 1, 31.000000, 0, 4066 
492, 246, 1, 29.000000, 0, 5396 
494, 247, 1, 26.000000, 0, 6718 
496, 248, 1, 27.000000, 0, 8029 
498, 249, 1, 24.000000, 0, 6401 
500, 250, 1, 28.000000, 0, 3987 
502, 251, 1, 26.000000, 0, 5668 
504, 252, 1, 29.000000, 0, 5928 
506, 253, 1, 25.000000, 0, 6560 
508, 254, 1, 23.000000, 0, 5881 
510, 255, 1, 28.000000, 0, 6137 
512, 256, 1, 28.000000, 0, 6285 
514, 257, 7749, 26.000000, 1, 3873 
516, 258, 7721, 27.000000, 1, 3859 
518, 259, 1, 37.000000, 0, 7690 
520, 260, 7661, 25.000000, 1, 3829 
522, 261, 7631, 27.000000, 1, 3814 
524, 262, 7605, 27.000000, 0, 3801 
526, 263, 7573, 25.000000, 1, 3785 
528, 264, 7547, 26.000000, 0, 3772 
530, 265, 7519, 26.000000, 0, 3758 
532, 266, 7491, 25.000000, 0, 3744 
534, 267, 7463, 26.000000, 0, 3730 
536, 268, 7435, 26.000000, 0, 3716 
538, 269, 7407, 27.000000, 0, 3702 
540, 270, 7381, 27.000000, 0, 3689 
542, 271, 7353, 26.000000, 0, 3675 
544, 272, 7327, 27.000000, 0, 3662 
546, 273, 7299, 26.000000, 0, 3648 
548, 274, 7273, 28.000000, 0, 3635 
550, 275, 7247, 25.000000, 0, 3622 
552, 276, 7221, 26.000000, 0, 3609 
554, 277, 7195, 29.000000, 0, 3596 
556, 278, 7169, 26.000000, 0, 3583 
558, 279, 7143, 25.000000, 0, 3570 
560, 280, 7117, 26.000000, 0, 3557 
562, 281, 7093, 26.000000, 0, 3545 
564, 282, 7067, 27.000000, 0, 3532 
566, 283, 7043, 26.000000, 0, 3520 
568, 284, 7017, 26.000000, 0, 3507 
570, 285, 6993, 26.000000, 0, 3495 
572, 286, 6969, 25.000000, 0, 3483 
574, 287, 6945, 25.000000, 0, 3471 
576, 288, 6921, 31.000000, 0, 3459 
578, 289, 6897, 27.000000, 0, 3447 
580, 290, 6873, 26.000000, 0, 3435 
582, 291, 6849, 27.000000, 0, 3423 
584, 292, 6825, 25.000000, 0, 3411 
586, 293, 6803, 25.000000, 0, 3400 
588, 294, 6779, 25.000000, 0, 3388 
590, 295, 6757, 25.000000, 0, 3377 
592, 296, 6735, 26.000000, 0, 3366 
594, 297, 6711, 26.000000, 0, 3354 
596, 298, 6689, 26.000000, 0, 3343 
598, 299, 6667, 30.000000, 0, 3332 
600, 300, 6645, 27.000000, 0, 3321 
602, 301, 6623, 27.000000, 0, 3310 
604, 302, 6601, 27.000000, 0, 3299 
606, 303, 6579, 26.000000, 0, 3288 
608, 304, 6557, 26.000000, 0, 3277 
610, 305, 6535, 25.000000, 0, 3266 
612, 306, 6515, 25.000000, 0, 3256 
614, 307, 6493, 26.000000, 0, 3245 
616, 308, 6473, 26.000000, 0, 3235 
618, 309, 6451, 26.000000, 0, 3224 
620, 310, 6431, 40.000000, 0, 3214 
622, 311, 6411, 26.000000, 0, 3204 
624, 312, 6389, 25.000000, 0, 3193 
626, 313, 6369, 26.000000, 0, 3183 
628, 314, 6349, 26.000000, 0, 3173 
630, 315, 6329, 26.000000, 0, 3163 
632, 316, 6309, 27.000000, 0, 3153 
634, 317, 6289, 27.000000, 0, 3143 
636, 318, 6269, 27.000000, 0, 3133 
638, 319, 6251, 26.000000, 0, 3124 
640, 320, 6231, 26.000000, 0, 3114 
642, 321, 6211, 41.000000, 0, 3104 
644, 322, 6191, 26.000000, 0, 3094 
646, 323, 6173, 26.000000, 0, 3085 
648, 324, 6153, 27.000000, 0, 3075 
650, 325, 6135, 27.000000, 0, 3066 
652, 326, 6117, 26.000000, 0, 3057 
654, 327, 6097, 26.000000, 0, 3047 
656, 328, 6079, 28.000000, 0, 3038 
658, 329, 6061, 26.000000, 0, 3029 
660, 330, 6043, 26.000000, 0, 3020 
662, 331, 6025, 25.000000, 0, 3011 
664, 332, 6007, 37.000000, 0, 3002 
666, 333, 5989, 25.000000, 0, 2993 
668, 334, 5971, 26.000000, 0, 2984 
670, 335, 5953, 26.000000, 0, 2975 
672, 336, 5935, 25.000000, 0, 2966 
674, 337, 5917, 27.000000, 0, 2957 
676, 338, 5899, 25.000000, 0, 2948 
678, 339, 5883, 27.000000, 0, 2940 
680, 340, 5865, 26.000000, 0, 2931 
682, 341, 5847, 25.000000, 0, 2922 
684, 342, 5831, 28.000000, 0, 2914 
686, 343, 5813, 39.000000, 0, 2905 
688, 344, 5797, 26.000000, 0, 2897 
690, 345, 5781, 27.000000, 0, 2889 
692, 346, 5763, 27.000000, 0, 2880 
694, 347, 5747, 26.000000, 0, 2872 
696, 348, 5731, 27.000000, 0, 2864 
698, 349, 5715, 27.000000, 0, 2856 
700, 350, 5699, 27.000000, 0, 2848 
702, 351, 5681, 26.000000, 0, 2839 
704, 352, 5665, 26.000000, 0, 2831 
706, 353, 5651, 23.000000, 0, 0 
708, 354, 5635, 25.000000, 0, 0 
710, 355, 5619, 26.000000, 0, 0 
712, 356, 5605, 25.000000, 0, 0 
714, 357, 5589, 23.000000, 0, 0 
716, 358, 5573, 25.000000, 0, 0 
718, 359, 5557, 26.000000, 0, 0 
720, 360, 5543, 27.000000, 0, 0 
722, 361, 5527, 25.000000, 0, 0 
724, 362, 5511, 22.000000, 0, 0 
726, 363, 5995, 25.000000, 0, 249 
728, 364, 5979, 24.000000, 0, 249 
730, 365, 6951, 25.000000, 0, 742 
732, 366, 6933, 26.000000, 0, 741 
734, 367, 5933, 28.000000, 0, 248 
736, 368, 5917, 27.000000, 0, 247 
738, 369, 6877, 26.000000, 0, 735 
740, 370, 7839, 25.000000, 0, 1223 
742, 371, 9845, 26.000000, 0, 2233 
744, 372, 8037, 23.000000, 0, 1337 
746, 373, 9003, 23.000000, 0, 1827 
748, 374, 9141, 25.000000, 0, 1903 
750, 375, 8705, 26.000000, 0, 1692 
752, 376, 7719, 26.000000, 0, 1206 
754, 377, 9687, 24.000000, 0, 2197 
756, 378, 9777, 24.000000, 0, 2249 
758, 379, 8865, 24.000000, 0, 1800 
760, 380, 7887, 27.000000, 0, 1318 
762, 381, 10469, 23.000000, 0, 2616 
764, 382, 10439, 25.000000, 0, 2608 
766, 383, 10415, 21.000000, 0, 2602 
768, 384, 10387, 24.000000, 0, 2595 
770, 385, 10361, 24.000000, 0, 2589 
772, 386, 10333, 24.000000, 0, 2582 
774, 387, 10309, 24.000000, 0, 2576 
776, 388, 10281, 23.000000, 0, 2569 
778, 389, 10257, 27.000000, 0, 2563 
780, 390, 10229, 24.000000, 0, 2556 
782, 391, 10205, 25.000000, 0, 2550 
784, 392, 10177, 23.000000, 0, 2543 
786, 393, 10153, 24.000000, 0, 2537 
788, 394, 10125, 20.000000, 0, 2530 
790, 395, 10101, 22.000000, 0, 2524 
792, 396, 10073, 24.000000, 0, 2517 
794, 397, 10049, 23.000000, 0, 2511 
796, 398, 10025, 24.000000, 0, 2505 
798, 399, 10001, 24.000000, 0, 2499 
800, 400, 9973, 28.000000, 0, 2492 
802, 401, 9949, 24.000000, 0, 2486 
804, 402, 9925, 24.000000, 0, 2480 
806, 403, 9901, 23.000000, 0, 2474 
808, 404, 9877, 26.000000, 0, 2468 
810, 405, 9853, 20.000000, 0, 2462 
812, 406, 9829, 24.000000, 0, 2456 
814, 407, 9801, 24.000000, 0, 2449 
816, 408, 9777, 23.000000, 0, 2443 
818, 409, 9757, 24.000000, 0, 2438 
820, 410, 9733, 26.000000, 0, 2432 
822, 411, 9709, 22.000000, 0, 2426 
824, 412, 9685, 24.000000, 0, 2420 
826, 413, 9661, 23.000000, 0, 2414 
828, 414, 9637, 24.000000, 0, 2408 
830, 415, 9613, 22.000000, 0, 2402 
832, 416, 9593, 23.000000, 0, 2397 
834, 417, 9569, 22.000000, 0, 2391 
836, 418, 9545, 32.000000, 0, 2385 
838, 419, 9521, 27.000000, 0, 2379 
840, 420, 9501, 25.000000, 0, 2374 
842, 421, 9477, 25.000000, 0, 2368 
844, 422, 9457, 26.000000, 0, 2363 
846, 423, 9433, 25.000000, 0, 2357 
848, 424, 9409, 26.000000, 0, 2351 
850, 425, 9389, 27.000000, 0, 2346 
852, 426, 9365, 25.000000, 0, 2340 
854, 427, 9345, 25.000000, 0, 2335 
856, 428, 9325, 26.000000, 0, 2330 
858, 429, 9301, 26.000000, 0, 2324 
860, 430, 9281, 26.000000, 0, 2319 
862, 431, 9257, 26.000000, 0, 2313 
864, 432, 9237, 25.000000, 0, 2308 
866, 433, 9217, 25.000000, 0, 2303 
868, 434, 9193, 26.000000, 0, 2297 
870, 435, 9173, 26.000000, 0, 2292 
872, 436, 9153, 24.000000, 0, 2287 
874, 437, 9133, 27.000000, 0, 2282 
876, 438, 6835, 26.000000, 0, 0 
878, 439, 9089, 33.000000, 0, 2271 
880, 440, 6805, 25.000000, 0, 0 
882, 441, 9049, 27.000000, 0, 2261 
884, 442, 6775, 27.000000, 0, 0 
886, 443, 9009, 26.000000, 0, 2251 
888, 444, 6745, 26.000000, 0, 0 
890, 445, 6730, 26.000000, 0, 0 
892, 446, 6715, 26.000000, 0, 0 
894, 447, 6700, 32.000000, 0, 0 
896, 448, 6685, 26.000000, 0, 0 
898, 449, 6670, 27.000000, 0, 0 
900, 450, 6655, 25.000000, 0, 0 
902, 451, 6640, 26.000000, 0, 0 
904, 452, 6625, 28.000000, 0, 0 
906, 453, 6610, 26.000000, 0, 0 
908, 454, 6595, 27.000000, 0, 0 
910, 455, 6580, 26.000000, 0, 0 
912, 456, 6568, 26.000000, 0, 0 
914, 457, 6553, 26.000000, 0, 0 
916, 458, 6538, 33.000000, 0, 0 
918, 459, 6523, 26.000000, 0, 0 
920, 460, 6511, 26.000000, 0, 0 
922, 461, 6496, 26.000000, 0, 0 
924, 462, 6481, 26.000000, 0, 0 
926, 463, 6469, 26.000000, 0, 0 
928, 464, 6454, 26.000000, 0, 0 
930, 465, 6439, 28.000000, 0, 0 
932, 466, 6427, 25.000000, 0, 0 
934, 467, 6412, 27.000000, 0, 0 
936, 468, 6400, 25.000000, 0, 0 
938, 469, 6385, 25.000000, 0, 0 
940, 470, 6373, 26.000000, 0, 0 
942, 471, 6358, 26.000000, 0, 0 
944, 472, 6346, 25.000000, 0, 0 
946, 473, 6331, 26.000000, 0, 0 
948, 474, 6319, 27.000000, 0, 0 
950, 475, 6304, 27.000000, 0, 0 
952, 476, 6292, 27.000000, 0, 0 
954, 477, 6280, 27.000000, 0, 0 
956, 478, 6265, 26.000000, 0, 0 
958, 479, 6253, 26.000000, 0, 0 
960, 480, 6241, 39.000000, 0, 0 
962, 481, 6226, 26.000000, 0, 0 
964, 482, 6214, 27.000000, 0, 0 
966, 483, 6202, 27.000000, 0, 0 
968, 484, 6187, 25.000000, 0, 0 
970, 485, 6175, 26.000000, 0, 0 
972, 486, 6163, 27.000000, 0, 0 
974, 487, 6151, 27.000000, 0, 0 
976, 488, 6136, 27.000000, 0, 0 
978, 489, 6124, 26.000000, 0, 0 
980, 490, 6112, 26.000000, 0, 0 
982, 491, 6100, 27.000000, 0, 0 
984, 492, 6088, 27.000000, 0, 0 
986, 493, 6076, 26.000000, 0, 0 
988, 494, 6064, 27.000000, 0, 0 
990, 495, 6052, 26.000000, 0, 0 
992, 496, 6040, 26.000000, 0, 0 
994, 497, 6028, 26.000000, 0, 0 
996, 498, 6016, 27.000000, 0, 0 
998, 499, 6004, 27.000000, 0, 0 
1000, 500, 5992, 26.000000, 0, 0 
1002, 501, 5980, 26.000000, 0, 0 
1004, 502, 5968, 31.000000, 0, 0 
1006, 503, 5956, 27.000000, 0, 0 
1008, 504, 5944, 27.000000, 0, 0 
1010, 505, 5932, 27.000000, 0, 0 
1012, 506, 5920, 25.000000, 0, 0 
1014, 507, 5908, 25.000000, 0, 0 
1016, 508, 5896, 26.000000, 0, 0 
1018, 509, 5884, 25.000000, 0, 0 
1020, 510, 5872, 26.000000, 0, 0 
1022, 511, 5863, 26.000000, 0, 0 
1024, 512, 5851, 26.000000, 0, 0 
1026, 513, 5839, 41.000000, 0, 0 
1028, 514, 5827, 26.000000, 0, 0 
1030, 515, 5815, 27.000000, 0, 0 
1032, 516, 5806, 27.000000, 0, 0 
1034, 517, 5794, 26.000000, 0, 0 
1036, 518, 5782, 26.000000, 0, 0 
1038, 519, 5773, 26.000000, 0, 0 
1040, 520, 5761, 26.000000, 0, 0 
1042, 521, 5749, 27.000000, 0, 0 
1044, 522, 5740, 27.000000, 0, 0 
1046, 523, 7612, 28.000000, 0, 628 
1048, 524, 5725, 43.000000, 0, 3 
1050, 525, 6415, 25.000000, 0, 236 
1052, 526, 7593, 25.000000, 0, 0 
1054, 527, 7807, 22.000000, 0, 708 
1056, 528, 7565, 24.000000, 0, 0 
1058, 529, 7549, 25.000000, 0, 0 
1060, 530, 7537, 26.000000, 0, 0 
1062, 531, 7521, 25.000000, 0, 0 
1064, 532, 7509, 23.000000, 0, 0 
1066, 533, 7493, 26.000000, 0, 0 
1068, 534, 7481, 24.000000, 0, 0 
1070, 535, 7465, 25.000000, 0, 0 
1072, 536, 7453, 26.000000, 0, 0 
1074, 537, 7437, 25.000000, 0, 0 
1076, 538, 7425, 26.000000, 0, 0 
1078, 539, 7409, 26.000000, 0, 0 
1080, 540, 7397, 26.000000, 0, 0 
1082, 541, 7385, 29.000000, 0, 0 
1084, 542, 7369, 25.000000, 0, 0 
1086, 543, 7357, 28.000000, 0, 0 
1088, 544, 7341, 26.000000, 0, 0 
1090, 545, 7329, 23.000000, 0, 0 
1092, 546, 7317, 26.000000, 0, 0 
1094, 547, 7301, 26.000000, 0, 0 
1096, 548, 7289, 25.000000, 0, 0 
1098, 549, 7277, 26.000000, 0, 0 
1100, 550, 7261, 25.000000, 0, 0 
1102, 551, 7249, 25.000000, 0, 0 
1104, 552, 7237, 27.000000, 0, 0 
1106, 553, 7225, 26.000000, 0, 0 
1108, 554, 7209, 23.000000, 0, 0 
1110, 555, 7197, 25.000000, 0, 0 
1112, 556, 7185, 24.000000, 0, 0 
1114, 557, 7173, 26.000000, 0, 0 
1116, 558, 7157, 26.000000, 0, 0 
1118, 559, 7145, 25.000000, 0, 0 
1120, 560, 7133, 26.000000, 0, 0 
1122, 561, 7121, 25.000000, 0, 0 
1124, 562, 7109, 25.000000, 0, 0 
1126, 563, 7097, 27.000000, 0, 0 
1128, 564, 7081, 25.000000, 0, 0 
1130, 565, 7069, 32.000000, 0, 0 
1132, 566, 7057, 26.000000, 0, 0 
1134, 567, 7045, 24.000000, 0, 0 
1136, 568, 7033, 26.000000, 0, 0 
1138, 569, 7021, 26.000000, 0, 0 
1140, 570, 7009, 25.000000, 0, 0 
1142, 571, 6997, 22.000000, 0, 0 
1144, 572, 6985, 26.000000, 0, 0 
1146, 573, 6973, 25.000000, 0, 0 
1148, 574, 6961, 25.000000, 0, 0 
1150, 575, 6949, 25.000000, 0, 0 
1152, 576, 6937, 25.000000, 0, 0 
1154, 577, 6925, 26.000000, 0, 0 
1156, 578, 6913, 24.000000, 0, 0 
1158, 579, 6901, 25.000000, 0, 0 
1160, 580, 6889, 26.000000, 0, 0 
1162, 581, 6877, 25.000000, 0, 0 
1164, 582, 6865, 26.000000, 0, 0 
1166, 583, 6853, 25.000000, 0, 0 
1168, 584, 6841, 26.000000, 0, 0 
1170, 585, 6829, 26.000000, 0, 0 
1172, 586, 6817, 26.000000, 0, 0 
1174, 587, 6805, 27.000000, 0, 0 
1176, 588, 6793, 25.000000, 0, 0 
1178, 589, 6781, 25.000000, 0, 0 
1180, 590, 6773, 26.000000, 0, 0 
1182, 591, 6761, 26.000000, 0, 0 
1184, 592, 6749, 26.000000, 0, 0 
1186, 593, 6737, 26.000000, 0, 0 
1188, 594, 6725, 25.000000, 0, 0 
1190, 595, 6713, 25.000000, 0, 0 
1192, 596, 6705, 28.000000, 0, 0 
1194, 597, 6693, 25.000000, 0, 0 
1196, 598, 6681, 29.000000, 0, 0 
1198, 599, 6669, 25.000000, 0, 0 
1200, 600, 6657, 24.000000, 0, 0 
1202, 601, 6649, 26.000000, 0, 0 
1204, 602, 6637, 26.000000, 0, 0 
1206, 603, 6625, 25.000000, 0, 0 
1208, 604, 6613, 26.000000, 0, 0 
1210, 605, 6605, 26.000000, 0, 0 
1212, 606, 8241, 34.000000, 0, 0 
1214, 607, 6581, 28.000000, 0, 0 
1216, 608, 6573, 25.000000, 0, 0 
1218, 609, 6561, 24.000000, 0, 0 
1220, 610, 8186, 26.000000, 0, 0 
1222, 611, 8171, 27.000000, 0, 0 
1224, 612, 8161, 25.000000, 0, 0 
1226, 613, 6517, 25.000000, 0, 0 
1228, 614, 8136, 26.000000, 0, 0 
1230, 615, 8121, 27.000000, 0, 0 
1232, 616, 8106, 25.000000, 0, 0 
1234, 617, 8096, 27.000000, 0, 0 
1236, 618, 8081, 26.000000, 0, 0 
1238, 619, 8066, 27.000000, 0, 0 
1240, 620, 8056, 26.000000, 0, 0 
1242, 621, 8041, 26.000000, 0, 0 
1244, 622, 8031, 28.000000, 0, 0 
1246, 623, 8016, 25.000000, 0, 0 
1248, 624, 8006, 27.000000, 0, 0 
1250, 625, 7991, 25.000000, 0, 0 
1252, 626, 7976, 25.000000, 0, 0 
1254, 627, 7966, 26.000000, 0, 0 
1256, 628, 7951, 23.000000, 0, 0 
1258, 629, 7941, 27.000000, 0, 0 
1260, 630, 7926, 27.000000, 0, 0 
1262, 631, 7916, 26.000000, 0, 0 
1264, 632, 7901, 27.000000, 0, 0 
1266, 633, 7891, 27.000000, 0, 0 
1268, 634, 7876, 25.000000, 0, 0 
1270, 635, 7866, 26.000000, 0, 0 
1272, 636, 7851, 26.000000, 0, 0 
1274, 637, 7841, 25.000000, 0, 0 
1276, 638, 7826, 25.000000, 0, 0 
1278, 639, 7816, 41.000000, 0, 0 
1280, 640, 7806, 27.000000, 0, 0 
1282, 641, 7791, 25.000000, 0, 0 
1284, 642, 7781, 27.000000, 0, 0 
1286, 643, 7766, 26.000000, 0, 0 
1288, 644, 7756, 26.000000, 0, 0 
1290, 645, 7741, 25.000000, 0, 0 
1292, 646, 7731, 28.000000, 0, 0 
1294, 647, 7721, 26.000000, 0, 0 
1296, 648, 7706, 27.000000, 0, 0 
1298, 649, 7696, 26.000000, 0, 0 
1300, 650, 7686, 27.000000, 0, 0 
1302, 651, 7671, 25.000000, 0, 0 
1304, 652, 7661, 27.000000, 0, 0 
1306, 653, 7651, 27.000000, 0, 0 
1308, 654, 7636, 25.000000, 0, 0 
1310, 655, 7626, 26.000000, 0, 0 
1312, 656, 7616, 25.000000, 0, 0 
1314, 657, 7601, 27.000000, 0, 0 
1316, 658, 7591, 27.000000, 0, 0 
1318, 659, 7581, 26.000000, 0, 0 
1320, 660, 7566, 26.000000, 0, 0 
1322, 661, 7556, 32.000000, 0, 0 
1324, 662, 7546, 24.000000, 0, 0 
1326, 663, 7536, 27.000000, 0, 0 
1328, 664, 7521, 27.000000, 0, 0 
1330, 665, 7511, 26.000000, 0, 0 
1332, 666, 7501, 26.000000, 0, 0 
1334, 667, 7491, 27.000000, 0, 0 
1336, 668, 7476, 27.000000, 0, 0 
1338, 669, 7466, 27.000000, 0, 0 
1340, 670, 7456, 26.000000, 0, 0 
1342, 671, 7446, 26.000000, 0, 0 
1344, 672, 7431, 24.000000, 0, 0 
1346, 673, 7421, 27.000000, 0, 0 
1348, 674, 7411, 27.000000, 0, 0 
1350, 675, 7401, 27.000000, 0, 0 
1352, 676, 7391, 27.000000, 0, 0 
1354, 677, 7376, 27.000000, 0, 0 
1356, 678, 7366, 27.000000, 0, 0 
1358, 679, 7356, 26.000000, 0, 0 
1360, 680, 7346, 26.000000, 0, 0 
1362, 681, 7336, 25.000000, 0, 0 
1364, 682, 7326, 25.000000, 0, 0 
1366, 683, 7311, 28.000000, 0, 0 
1368, 684, 7301, 27.000000, 0, 0 
1370, 685, 7291, 27.000000, 0, 0 
1372, 686, 7281, 26.000000, 0, 0 
1374, 687, 7271, 26.000000, 0, 0 
1376, 688, 7261, 27.000000, 0, 0 
1378, 689, 7251, 26.000000, 0, 0 
1380, 690, 7241, 26.000000, 0, 0 
1382, 691, 7231, 26.000000, 0, 0 
1384, 692, 8665, 25.000000, 0, 0 
1386, 693, 7206, 26.000000, 0, 0 
1388, 694, 7196, 36.000000, 0, 0 
1390, 695, 8623, 26.000000, 0, 0 
1392, 696, 7176, 25.000000, 0, 0 
1394, 697, 7166, 26.000000, 0, 0 
1396, 698, 8587, 25.000000, 0, 0 
1398, 699, 8575, 26.000000, 0, 0 
1400, 700, 8563, 29.000000, 0, 0 
1402, 701, 8551, 26.000000, 0, 0 
1404, 702, 8539, 31.000000, 0, 0 
1406, 703, 8527, 25.000000, 0, 0 
1408, 704, 8515, 23.000000, 0, 0 
1410, 705, 8503, 25.000000, 0, 0 
1412, 706, 8491, 26.000000, 0, 0 
1414, 707, 8479, 25.000000, 0, 0 
1416, 708, 8467, 26.000000, 0, 0 
1418, 709, 8455, 25.000000, 0, 0 
1420, 710, 8443, 26.000000, 0, 0 
1422, 711, 8431, 29.000000, 0, 0 
1424, 712, 8419, 25.000000, 0, 0 
1426, 713, 8407, 29.000000, 0, 0 
1428, 714, 8395, 25.000000, 0, 0 
1430, 715, 8383, 24.000000, 0, 0 
1432, 716, 8371, 25.000000, 0, 0 
1434, 717, 8359, 27.000000, 0, 0 
1436, 718, 8347, 25.000000, 0, 0 
1438, 719, 8335, 26.000000, 0, 0 
1440, 720, 8323, 26.000000, 0, 0 
1442, 721, 8317, 26.000000, 0, 0 
1444, 722, 8305, 26.000000, 0, 0 
1446, 723, 8293, 25.000000, 0, 0 
1448, 724, 8281, 27.000000, 0, 0 
1450, 725, 8269, 25.000000, 0, 0 
1452, 726, 8257, 24.000000, 0, 0 
1454, 727, 8245, 25.000000, 0, 0 
1456, 728, 8233, 26.000000, 0, 0 
1458, 729, 8221, 25.000000, 0, 0 
1460, 730, 8209, 26.000000, 0, 0 
1462, 731, 8203, 25.000000, 0, 0 
1464, 732, 8191, 26.000000, 0, 0 
1466, 733, 8179, 25.000000, 0, 0 
1468, 734, 8167, 25.000000, 0, 0 
1470, 735, 8155, 28.000000, 0, 0 
1472, 736, 8143, 26.000000, 0, 0 
1474, 737, 8137, 25.000000, 0, 0 
1476, 738, 8125, 26.000000, 0, 0 
1478, 739, 8113, 25.000000, 0, 0 
1480, 740, 8101, 28.000000, 0, 0 
1482, 741, 8089, 22.000000, 0, 0 
1484, 742, 8077, 25.000000, 0, 0 
1486, 743, 8071, 25.000000, 0, 0 
1488, 744, 8059, 27.000000, 0, 0 
1490, 745, 8047, 26.000000, 0, 0 
1492, 746, 8035, 27.000000, 0, 0 
1494, 747, 8023, 25.000000, 0, 0 
1496, 748, 8017, 25.000000, 0, 0 
1498, 749, 8005, 26.000000, 0, 0 
1500, 750, 7993, 25.000000, 0, 0 
1502, 751, 7981, 27.000000, 0, 0 
1504, 752, 7975, 24.000000, 0, 0 
1506, 753, 7963, 26.000000, 0, 0 
1508, 754, 7951, 24.000000, 0, 0 
1510, 755, 7939, 27.000000, 0, 0 
1512, 756, 7933, 25.000000, 0, 0 
1514, 757, 7921, 29.000000, 0, 0 
1516, 758, 7909, 25.000000, 0, 0 
1518, 759, 7897, 24.000000, 0, 0 
1520, 760, 7891, 25.000000, 0, 0 
1522, 761, 7879, 26.000000, 0, 0 
1524, 762, 7867, 25.000000, 0, 0 
1526, 763, 7855, 26.000000, 0, 0 
1528, 764, 7849, 25.000000, 0, 0 
1530, 765, 7837, 26.000000, 0, 0 
1532, 766, 7825, 27.000000, 0, 0 
1534, 767, 7819, 25.000000, 0, 0 
1536, 768, 7807, 28.000000, 0, 0 
1538, 769, 7795, 26.000000, 0, 0 
1540, 770, 7789, 22.000000, 0, 0 
1542, 771, 7777, 25.000000, 0, 0 
1544, 772, 7765, 27.000000, 0, 0 
1546, 773, 7753, 25.000000, 0, 0 
1548, 774, 7747, 26.000000, 0, 0 
1550, 775, 9024, 25.000000, 0, 0 
1552, 776, 7729, 26.000000, 0, 0 
1554, 777, 9003, 26.000000, 0, 0 
1556, 778, 8989, 26.000000, 0, 0 
1558, 779, 8982, 26.000000, 0, 0 
1560, 780, 8968, 25.000000, 0, 0 
1562, 781, 8954, 26.000000, 0, 0 
1564, 782, 8947, 26.000000, 0, 0 
1566, 783, 8933, 27.000000, 0, 0 
1568, 784, 8919, 26.000000, 0, 0 
1570, 785, 8912, 25.000000, 0, 0 
1572, 786, 8898, 26.000000, 0, 0 
1574, 787, 8891, 31.000000, 0, 0 
1576, 788, 8877, 26.000000, 0, 0 
1578, 789, 8863, 26.000000, 0, 0 
1580, 790, 8856, 25.000000, 0, 0 
1582, 791, 8842, 26.000000, 0, 0 
1584, 792, 8835, 26.000000, 0, 0 
1586, 793, 8821, 24.000000, 0, 0 
1588, 794, 8807, 27.000000, 0, 0 
1590, 795, 8800, 26.000000, 0, 0 
1592, 796, 8786, 25.000000, 0, 0 
1594, 797, 8779, 26.000000, 0, 0 
1596, 798, 8765, 42.000000, 0, 0 
1598, 799, 8758, 26.000000, 0, 0 
1600, 800, 8744, 27.000000, 0, 0 
1602, 801, 8730, 26.000000, 0, 0 
1604, 802, 8723, 24.000000, 0, 0 
1606, 803, 8709, 26.000000, 0, 0 
1608, 804, 8702, 26.000000, 0, 0 
1610, 805, 8688, 26.000000, 0, 0 
1612, 806, 8681, 26.000000, 0, 0 
1614, 807, 8667, 26.000000, 0, 0 
1616, 808, 8660, 26.000000, 0, 0 
1618, 809, 8646, 33.000000, 0, 0 
1620, 810, 8639, 25.000000, 0, 0 
1622, 811, 8625, 26.000000, 0, 0 
1624, 812, 8618, 26.000000, 0, 0 
1626, 813, 8604, 25.000000, 0, 0 
1628, 814, 8590, 26.000000, 0, 0 
1630, 815, 8583, 27.000000, 0, 0 
1632, 816, 8569, 25.000000, 0, 0 
1634, 817, 8562, 26.000000, 0, 0 
1636, 818, 8555, 26.000000, 0, 0 
1638, 819, 8541, 26.000000, 0, 0 
1640, 820, 8534, 33.000000, 0, 0 
1642, 821, 8520, 27.000000, 0, 0 
1644, 822, 8513, 26.000000, 0, 0 
1646, 823, 8499, 27.000000, 0, 0 
1648, 824, 8492, 25.000000, 0, 0 
1650, 825, 8478, 27.000000, 0, 0 
1652, 826, 8471, 26.000000, 0, 0 
1654, 827, 8457, 27.000000, 0, 0 
1656, 828, 8450, 26.000000, 0, 0 
1658, 829, 8436, 27.000000, 0, 0 
1660, 830, 8429, 26.000000, 0, 0 
1662, 831, 8415, 33.000000, 0, 0 
1664, 832, 8408, 27.000000, 0, 0 
1666, 833, 8401, 26.000000, 0, 0 
1668, 834, 8387, 27.000000, 0, 0 
1670, 835, 8380, 24.000000, 0, 0 
1672, 836, 8366, 26.000000, 0, 0 
1674, 837, 8359, 25.000000, 0, 0 
1676, 838, 8345, 25.000000, 0, 0 
1678, 839, 8338, 26.000000, 0, 0 
1680, 840, 8331, 26.000000, 0, 0 
1682, 841, 8317, 26.000000, 0, 0 
1684, 842, 8310, 33.000000, 0, 0 
1686, 843, 8296, 27.000000, 0, 0 
1688, 844, 8289, 26.000000, 0, 0 
1690, 845, 8282, 26.000000, 0, 0 
1692, 846, 8268, 26.000000, 0, 0 
1694, 847, 8261, 26.000000, 0, 0 
1696, 848, 8247, 26.000000, 0, 0 
1698, 849, 8240, 26.000000, 0, 0 
1700, 850, 8233, 26.000000, 0, 0 
1702, 851, 8219, 25.000000, 0, 0 
1704, 852, 8212, 26.000000, 0, 0 
1706, 853, 8198, 32.000000, 0, 0 
1708, 854, 8191, 26.000000, 0, 0 
1710, 855, 9353, 29.000000, 0, 0 
1712, 856, 9337, 26.000000, 0, 0 
1714, 857, 9329, 24.000000, 0, 0 
1716, 858, 9321, 25.000000, 0, 0 
1718, 859, 8142, 26.000000, 0, 0 
1720, 860, 8135, 27.000000, 0, 0 
1722, 861, 9289, 23.000000, 0, 0 
1724, 862, 9273, 25.000000, 0, 0 
1726, 863, 9265, 25.000000, 0, 0 
1728, 864, 9257, 25.000000, 0, 0 
1730, 865, 9241, 26.000000, 0, 0 
1732, 866, 9233, 29.000000, 0, 0 
1734, 867, 9225, 26.000000, 0, 0 
1736, 868, 9209, 25.000000, 0, 0 
1738, 869, 9201, 26.000000, 0, 0 
1740, 870, 9193, 28.000000, 0, 0 
1742, 871, 8030, 26.000000, 0, 0 
1744, 872, 9169, 31.000000, 0, 0 
1746, 873, 9161, 25.000000, 0, 0 
1748, 874, 9145, 26.000000, 0, 0 
1750, 875, 9137, 26.000000, 0, 0 
1752, 876, 9129, 26.000000, 0, 0 
1754, 877, 9113, 25.000000, 0, 0 
1756, 878, 9105, 26.000000, 0, 0 
1758, 879, 9097, 26.000000, 0, 0 
1760, 880, 9089, 25.000000, 0, 0 
1762, 881, 9073, 28.000000, 0, 0 
1764, 882, 9065, 25.000000, 0, 0 
1766, 883, 9057, 23.000000, 0, 0 
1768, 884, 9041, 26.000000, 0, 0 
1770, 885, 9033, 26.000000, 0, 0 
1772, 886, 9025, 26.000000, 0, 0 
1774, 887, 9017, 25.000000, 0, 0 
1776, 888, 9001, 25.000000, 0, 0 
1778, 889, 8993, 26.000000, 0, 0 
1780, 890, 8985, 26.000000, 0, 0 
1782, 891, 8977, 26.000000, 0, 0 
1784, 892, 8961, 26.000000, 0, 0 
1786, 893, 8953, 25.000000, 0, 0 
1788, 894, 8945, 30.000000, 0, 0 
1790, 895, 8937, 26.000000, 0, 0 
1792, 896, 8921, 24.000000, 0, 0 
1794, 897, 8913, 26.000000, 0, 0 
1796, 898, 8905, 25.000000, 0, 0 
1798, 899, 8897, 25.000000, 0, 0 
1800, 900, 8881, 26.000000, 0, 0 
1802, 901, 8873, 26.000000, 0, 0 
1804, 902, 8865, 25.000000, 0, 0 
1806, 903, 8857, 27.000000, 0, 0 
1808, 904, 8841, 25.000000, 0, 0 
1810, 905, 8833, 24.000000, 0, 0 
1812, 906, 8825, 26.000000, 0, 0 
1814, 907, 8817, 22.000000, 0, 0 
1816, 908, 8809, 25.000000, 0, 0 
1818, 909, 8793, 26.000000, 0, 0 
1820, 910, 8785, 25.000000, 0, 0 
1822, 911, 8777, 26.000000, 0, 0 
1824, 912, 8769, 25.000000, 0, 0 
1826, 913, 8761, 25.000000, 0, 0 
1828, 914, 8745, 27.000000, 0, 0 
1830, 915, 8737, 25.000000, 0, 0 
1832, 916, 8729, 29.000000, 0, 0 
1834, 917, 8721, 25.000000, 0, 0 
1836, 918, 8713, 22.000000, 0, 0 
1838, 919, 8697, 25.000000, 0, 0 
1840, 920, 8689, 26.000000, 0, 0 
1842, 921, 8681, 26.000000, 0, 0 
1844, 922, 8673, 26.000000, 0, 0 
1846, 923, 8665, 25.000000, 0, 0 
1848, 924, 8657, 25.000000, 0, 0 
1850, 925, 8641, 26.000000, 0, 0 
1852, 926, 8633, 26.000000, 0, 0 
1854, 927, 8625, 28.000000, 0, 0 
1856, 928, 8617, 26.000000, 0, 0 
1858, 929, 8609, 23.000000, 0, 0 
1860, 930, 8601, 25.000000, 0, 0 
1862, 931, 8585, 26.000000, 0, 0 
1864, 932, 8577, 25.000000, 0, 0 
1866, 933, 8569, 26.000000, 0, 0 
1868, 934, 8561, 25.000000, 0, 0 
1870, 935, 8553, 26.000000, 0, 0 
1872, 936, 8545, 27.000000, 0, 0 
1874, 937, 8537, 25.000000, 0, 0 
1876, 938, 8521, 25.000000, 0, 0 
1878, 939, 8513, 26.000000, 0, 0 
1880, 940, 9568, 27.000000, 0, 0 
1882, 941, 8497, 25.000000, 0, 0 
1884, 942, 9550, 28.000000, 0, 0 
1886, 943, 8481, 28.000000, 0, 0 
1888, 944, 8473, 26.000000, 0, 0 
1890, 945, 9523, 26.000000, 0, 0 
1892, 946, 9505, 35.000000, 0, 0 
1894, 947, 9496, 26.000000, 0, 0 
1896, 948, 9487, 27.000000, 0, 0 
1898, 949, 9478, 26.000000, 0, 0 
1900, 950, 9469, 26.000000, 0, 0 
1902, 951, 9460, 27.000000, 0, 0 
1904, 952, 8401, 25.000000, 0, 0 
1906, 953, 9442, 28.000000, 0, 0 
1908, 954, 9433, 25.000000, 0, 0 
1910, 955, 9424, 25.000000, 0, 0 
1912, 956, 9406, 25.000000, 0, 0 
1914, 957, 9397, 36.000000, 0, 0 
1916, 958, 9388, 26.000000, 0, 0 
1918, 959, 9379, 27.000000, 0, 0 
1920, 960, 9370, 26.000000, 0, 0 
1922, 961, 9361, 26.000000, 0, 0 
1924, 962, 9352, 27.000000, 0, 0 
1926, 963, 9343, 26.000000, 0, 0 
1928, 964, 9334, 27.000000, 0, 0 
1930, 965, 9325, 25.000000, 0, 0 
1932, 966, 9316, 27.000000, 0, 0 
1934, 967, 9307, 25.000000, 0, 0 
1936, 968, 9289, 38.000000, 0, 0 
1938, 969, 9280, 24.000000, 0, 0 
1940, 970, 9271, 26.000000, 0, 0 
1942, 971, 9262, 26.000000, 0, 0 
1944, 972, 9253, 26.000000, 0, 0 
1946, 973, 9244, 27.000000, 0, 0 
1948, 974, 9235, 26.000000, 0, 0 
1950, 975, 9226, 26.000000, 0, 0 
1952, 976, 9217, 25.000000, 0, 0 
1954, 977, 9208, 26.000000, 0, 0 
1956, 978, 9199, 25.000000, 0, 0 
1958, 979, 9190, 30.000000, 0, 0 
1960, 980, 9181, 25.000000, 0, 0 
1962, 981, 9172, 26.000000, 0, 0 
1964, 982, 9163, 26.000000, 0, 0 
1966, 983, 9154, 26.000000, 0, 0 
1968, 984, 9145, 25.000000, 0, 0 
1970, 985, 9136, 26.000000, 0, 0 
1972, 986, 9127, 26.000000, 0, 0 
1974, 987, 9118, 25.000000, 0, 0 
1976, 988, 9109, 26.000000, 0, 0 
1978, 989, 9100, 26.000000, 0, 0 
1980, 990, 9091, 24.000000, 0, 0 
1982, 991, 9082, 26.000000, 0, 0 
1984, 992, 9073, 27.000000, 0, 0 
1986, 993, 9064, 27.000000, 0, 0 
1988, 994, 9055, 26.000000, 0, 0 
1990, 995, 9046, 25.000000, 0, 0 
1992, 996, 9037, 27.000000, 0, 0 
1994, 997, 9028, 27.000000, 0, 0 
1996, 998, 9019, 26.000000, 0, 0 
1998, 999, 9010, 25.000000, 0, 0 
2000, 1000, 9001, 26.000000, 0, 0 
2002, 1001, 8992, 22.000000, 0, 0 
2004, 1002, 8983, 26.000000, 0, 0 
2006, 1003, 8974, 26.000000, 0, 0 
2008, 1004, 8965, 26.000000, 0, 0 
2010, 1005, 8956, 24.000000, 0, 0 
2012, 1006, 8947, 26.000000, 0, 0 
2014, 1007, 8938, 26.000000, 0, 0 
2016, 1008, 8929, 27.000000, 0, 0 
2018, 1009, 8920, 27.000000, 0, 0 
2020, 1010, 8911, 26.000000, 0, 0 
2022, 1011, 8902, 25.000000, 0, 0 
2024, 1012, 8893, 30.000000, 0, 0 
2026, 1013, 8884, 26.000000, 0, 0 
2028, 1014, 8875, 26.000000, 0, 0 
2030, 1015, 8866, 25.000000, 0, 0 
2032, 1016, 8857, 26.000000, 0, 0 
2034, 1017, 8848, 27.000000, 0, 0 
2036, 1018, 8839, 26.000000, 0, 0 
2038, 1019, 8830, 26.000000, 0, 0 
2040, 1020, 9801, 29.000000, 0, 0 
2042, 1021, 9791, 25.000000, 0, 0 
2044, 1022, 8803, 26.000000, 0, 0 
2046, 1023, 9771, 27.000000, 0, 0 
2048, 1024, 8785, 27.000000, 0, 0 
2050, 1025, 9751, 26.000000, 0, 0 
2052, 1026, 9741, 22.000000, 0, 0 
2054, 1027, 8758, 25.000000, 0, 0 
2056, 1028, 9721, 26.000000, 0, 0 
2058, 1029, 9711, 27.000000, 0, 0 
2060, 1030, 9701, 26.000000, 0, 0 
2062, 1031, 9691, 27.000000, 0, 0 
2064, 1032, 9691, 26.000000, 0, 0 
2066, 1033, 9681, 24.000000, 0, 0 
2068, 1034, 9671, 27.000000, 0, 0 
2070, 1035, 9661, 26.000000, 0, 0 
2072, 1036, 9651, 25.000000, 0, 0 
2074, 1037, 9641, 25.000000, 0, 0 
2076, 1038, 9631, 26.000000, 0, 0 
2078, 1039, 9621, 26.000000, 0, 0 
2080, 1040, 9611, 27.000000, 0, 0 
2082, 1041, 9601, 25.000000, 0, 0 
2084, 1042, 9591, 30.000000, 0, 0 
2086, 1043, 9581, 25.000000, 0, 0 
2088, 1044, 9571, 22.000000, 0, 0 
2090, 1045, 9571, 26.000000, 0, 0 
2092, 1046, 9561, 26.000000, 0, 0 
2094, 1047, 9551, 27.000000, 0, 0 
2096, 1048, 9541, 26.000000, 0, 0 
2098, 1049, 9531, 25.000000, 0, 0 
2100, 1050, 9521, 26.000000, 0, 0 
2102, 1051, 9511, 27.000000, 0, 0 
2104, 1052, 9501, 25.000000, 0, 0 
2106, 1053, 9491, 22.000000, 0, 0 
2108, 1054, 9481, 26.000000, 0, 0 
2110, 1055, 9471, 23.000000, 0, 0 
2112, 1056, 9471, 26.000000, 0, 0 
2114, 1057, 9461, 26.000000, 0, 0 
2116, 1058, 9451, 25.000000, 0, 0 
2118, 1059, 9441, 23.000000, 0, 0 
2120, 1060, 9431, 24.000000, 0, 0 
2122, 1061, 9421, 26.000000, 0, 0 
2124, 1062, 9411, 26.000000, 0, 0 
2126, 1063, 9401, 25.000000, 0, 0 
2128, 1064, 9391, 24.000000, 0, 0 
2130, 1065, 9391, 26.000000, 0, 0 
2132, 1066, 9381, 22.000000, 0, 0 
2134, 1067, 9371, 25.000000, 0, 0 
2136, 1068, 9361, 27.000000, 0, 0 
2138, 1069, 9351, 28.000000, 0, 0 
2140, 1070, 9341, 26.000000, 0, 0 
2142, 1071, 9331, 25.000000, 0, 0 
2144, 1072, 9321, 25.000000, 0, 0 
2146, 1073, 9321, 28.000000, 0, 0 
2148, 1074, 9311, 25.000000, 0, 0 
2150, 1075, 9301, 29.000000, 0, 0 
2152, 1076, 9291, 25.000000, 0, 0 
2154, 1077, 9281, 24.000000, 0, 0 
2156, 1078, 9271, 27.000000, 0, 0 
2158, 1079, 9261, 26.000000, 0, 0 
2160, 1080, 9261, 25.000000, 0, 0 
2162, 1081, 9251, 26.000000, 0, 0 
2164, 1082, 9241, 26.000000, 0, 0 
2166, 1083, 9231, 25.000000, 0, 0 
2168, 1084, 9221, 27.000000, 0, 0 
2170, 1085, 9211, 26.000000, 0, 0 
2172, 1086, 9201, 24.000000, 0, 0 
2174, 1087, 9201, 26.000000, 0, 0 
2176, 1088, 9191, 23.000000, 0, 0 
2178, 1089, 9181, 26.000000, 0, 0 
2180, 1090, 9171, 26.000000, 0, 0 
2182, 1091, 9161, 25.000000, 0, 0 
2184, 1092, 9151, 26.000000, 0, 0 
2186, 1093, 9151, 25.000000, 0, 0 
2188, 1094, 9141, 26.000000, 0, 0 
2190, 1095, 9131, 27.000000, 0, 0 
2192, 1096, 9121, 26.000000, 0, 0 
2194, 1097, 9111, 26.000000, 0, 0 
2196, 1098, 9101, 26.000000, 0, 0 
2198, 1099, 9101, 25.000000, 0, 0 
2200, 1100, 9091, 26.000000, 0, 0 
2202, 1101, 9081, 26.000000, 0, 0 
2204, 1102, 9071, 26.000000, 0, 0 
2206, 1103, 9061, 26.000000, 0, 0 
2208, 1104, 9051, 25.000000, 0, 0 
2210, 1105, 9051, 26.000000, 0, 0 
2212, 1106, 9041, 29.000000, 0, 0 
2214, 1107, 9934, 26.000000, 0, 0 
2216, 1108, 9923, 25.000000, 0, 0 
2218, 1109, 9912, 26.000000, 0, 0 
2220, 1110, 9912, 26.000000, 0, 0 
2222, 1111, 9001, 26.000000, 0, 0 
2224, 1112, 9890, 26.000000, 0, 0 
2226, 1113, 9879, 25.000000, 0, 0 
2228, 1114, 9868, 26.000000, 0, 0 
2230, 1115, 9868, 25.000000, 0, 0 
2232, 1116, 9857, 29.000000, 0, 0 
2234, 1117, 9846, 24.000000, 0, 0 
2236, 1118, 9835, 26.000000, 0, 0 
2238, 1119, 9824, 26.000000, 0, 0 
2240, 1120, 9824, 25.000000, 0, 0 
2242, 1121, 9813, 26.000000, 0, 0 
2244, 1122, 9802, 26.000000, 0, 0 
2246, 1123, 9791, 26.000000, 0, 0 
2248, 1124, 9780, 26.000000, 0, 0 
2250, 1125, 9780, 25.000000, 0, 0 
2252, 1126, 9769, 25.000000, 0, 0 
2254, 1127, 9758, 43.000000, 0, 0 
2256, 1128, 9747, 25.000000, 0, 0 
2258, 1129, 9736, 27.000000, 0, 0 
2260, 1130, 9736, 26.000000, 0, 0 
2262, 1131, 9725, 26.000000, 0, 0 
2264, 1132, 9714, 25.000000, 0, 0 
2266, 1133, 9703, 27.000000, 0, 0 
2268, 1134, 9703, 26.000000, 0, 0 
2270, 1135, 9692, 27.000000, 0, 0 
2272, 1136, 9681, 25.000000, 0, 0 
2274, 1137, 9670, 26.000000, 0, 0 
2276, 1138, 9659, 43.000000, 0, 0 
2278, 1139, 9659, 27.000000, 0, 0 
2280, 1140, 9648, 27.000000, 0, 0 
2282, 1141, 9637, 26.000000, 0, 0 
2284, 1142, 9626, 26.000000, 0, 0 
2286, 1143, 9626, 26.000000, 0, 0 
2288, 1144, 9615, 27.000000, 0, 0 
2290, 1145, 9604, 25.000000, 0, 0 
2292, 1146, 9593, 27.000000, 0, 0 
2294, 1147, 9593, 25.000000, 0, 0 
2296, 1148, 9582, 27.000000, 0, 0 
2298, 1149, 9571, 36.000000, 0, 0 
2300, 1150, 9560, 25.000000, 0, 0 
2302, 1151, 9560, 26.000000, 0, 0 
2304, 1152, 9549, 26.000000, 0, 0 
2306, 1153, 9538, 25.000000, 0, 0 
2308, 1154, 9527, 25.000000, 0, 0 
2310, 1155, 9527, 25.000000, 0, 0 
2312, 1156, 9516, 26.000000, 0, 0 
2314, 1157, 9505, 26.000000, 0, 0 
2316, 1158, 9494, 26.000000, 0, 0 
2318, 1159, 9494, 26.000000, 0, 0 
2320, 1160, 9483, 27.000000, 0, 0 
2322, 1161, 9472, 26.000000, 0, 0 
2324, 1162, 9461, 27.000000, 0, 0 
2326, 1163, 9461, 26.000000, 0, 0 
2328, 1164, 9450, 26.000000, 0, 0 
2330, 1165, 9439, 26.000000, 0, 0 
2332, 1166, 9428, 27.000000, 0, 0 
2334, 1167, 9428, 27.000000, 0, 0 
2336, 1168, 9417, 26.000000, 0, 0 
2338, 1169, 9406, 26.000000, 0, 0 
2340, 1170, 9395, 27.000000, 0, 0 
2342, 1171, 9395, 22.000000, 0, 0 
2344, 1172, 9384, 25.000000, 0, 0 
2346, 1173, 9373, 26.000000, 0, 0 
2348, 1174, 9373, 27.000000, 0, 0 
2350, 1175, 9362, 26.000000, 0, 0 
2352, 1176, 9351, 27.000000, 0, 0 
2354, 1177, 9340, 26.000000, 0, 0 
2356, 1178, 9340, 26.000000, 0, 0 
2358, 1179, 9329, 27.000000, 0, 0 
2360, 1180, 9318, 25.000000, 0, 0 
2362, 1181, 9318, 25.000000, 0, 0 
2364, 1182, 9307, 40.000000, 0, 0 
2366, 1183, 9296, 27.000000, 0, 0 
2368, 1184, 9285, 26.000000, 0, 0 
2370, 1185, 9285, 27.000000, 0, 0 
2372, 1186, 9274, 25.000000, 0, 0 
2374, 1187, 9263, 26.000000, 0, 0 
2376, 1188, 10105, 29.000000, 0, 0 
2378, 1189, 9252, 27.000000, 0, 0 
2380, 1190, 10081, 32.000000, 0, 0 
2382, 1191, 10069, 25.000000, 0, 0 
2384, 1192, 10069, 23.000000, 0, 0 
2386, 1193, 9219, 42.000000, 0, 0 
2388, 1194, 10045, 26.000000, 0, 0 
2390, 1195, 10045, 25.000000, 0, 0 
2392, 1196, 10033, 23.000000, 0, 0 
2394, 1197, 10021, 26.000000, 0, 0 
2396, 1198, 10021, 26.000000, 0, 0 
2398, 1199, 10009, 27.000000, 0, 0 
2400, 1200, 9997, 26.000000, 0, 0 
2402, 1201, 9985, 31.000000, 0, 0 
2404, 1202, 9985, 25.000000, 0, 0 
2406, 1203, 9973, 25.000000, 0, 0 
2408, 1204, 9961, 25.000000, 0, 0 
2410, 1205, 9961, 26.000000, 0, 0 
2412, 1206, 9949, 25.000000, 0, 0 
2414, 1207, 9937, 26.000000, 0, 0 
2416, 1208, 9937, 25.000000, 0, 0 
2418, 1209, 9925, 26.000000, 0, 0 
2420, 1210, 9913, 27.000000, 0, 0 
2422, 1211, 9913, 25.000000, 0, 0 
2424, 1212, 9901, 22.000000, 0, 0 
2426, 1213, 9889, 26.000000, 0, 0 
2428, 1214, 9889, 23.000000, 0, 0 
2430, 1215, 9877, 25.000000, 0, 0 
2432, 1216, 9865, 26.000000, 0, 0 
2434, 1217, 9865, 27.000000, 0, 0 
2436, 1218, 9853, 26.000000, 0, 0 
2438, 1219, 9841, 25.000000, 0, 0 
2440, 1220, 9841, 26.000000, 0, 0 
2442, 1221, 9829, 27.000000, 0, 0 
2444, 1222, 9817, 25.000000, 0, 0 
2446, 1223, 9805, 32.000000, 0, 0 
2448, 1224, 9805, 25.000000, 0, 0 
2450, 1225, 9793, 23.000000, 0, 0 
2452, 1226, 9781, 25.000000, 0, 0 
2454, 1227, 9781, 26.000000, 0, 0 
2456, 1228, 9769, 27.000000, 0, 0 
2458, 1229, 9769, 26.000000, 0, 0 
2460, 1230, 9757, 25.000000, 0, 0 
2462, 1231, 9745, 26.000000, 0, 0 
2464, 1232, 9745, 25.000000, 0, 0 
2466, 1233, 9733, 25.000000, 0, 0 
2468, 1234, 9721, 29.000000, 0, 0 
2470, 1235, 9721, 25.000000, 0, 0 
2472, 1236, 9709, 23.000000, 0, 0 
2474, 1237, 9697, 26.000000, 0, 0 
2476, 1238, 9697, 25.000000, 0, 0 
2478, 1239, 9685, 25.000000, 0, 0 
2480, 1240, 9673, 26.000000, 0, 0 
2482, 1241, 9673, 24.000000, 0, 0 
2484, 1242, 9661, 24.000000, 0, 0 
2486, 1243, 9649, 25.000000, 0, 0 
2488, 1244, 9649, 25.000000, 0, 0 
2490, 1245, 9637, 32.000000, 0, 0 
2492, 1246, 9625, 25.000000, 0, 0 
2494, 1247, 9625, 26.000000, 0, 0 
2496, 1248, 9613, 25.000000, 0, 0 
2498, 1249, 9613, 26.000000, 0, 0 
2500, 1250, 9601, 25.000000, 0, 0 
2502, 1251, 9589, 26.000000, 0, 0 
2504, 1252, 9589, 26.000000, 0, 0 
2506, 1253, 9577, 26.000000, 0, 0 
2508, 1254, 9565, 28.000000, 0, 0 
2510, 1255, 9565, 25.000000, 0, 0 
2512, 1256, 9553, 25.000000, 0, 0 
2514, 1257, 9541, 26.000000, 0, 0 
2516, 1258, 9541, 24.000000, 0, 0 
2518, 1259, 9529, 26.000000, 0, 0 
2520, 1260, 9529, 27.000000, 0, 0 
2522, 1261, 9517, 29.000000, 0, 0 
2524, 1262, 9505, 26.000000, 0, 0 
2526, 1263, 9505, 25.000000, 0, 0 
2528, 1264, 9493, 26.000000, 0, 0 
2530, 1265, 10271, 26.000000, 0, 0 
2532, 1266, 9481, 25.000000, 0, 0 
2534, 1267, 9469, 25.000000, 0, 0 
2536, 1268, 9469, 26.000000, 0, 0 
2538, 1269, 10245, 27.000000, 0, 0 
2540, 1270, 9445, 27.000000, 0, 0 
2542, 1271, 9445, 26.000000, 0, 0 
2544, 1272, 10219, 26.000000, 0, 0 
2546, 1273, 10206, 26.000000, 0, 0 
2548, 1274, 10206, 26.000000, 0, 0 
2550, 1275, 10193, 29.000000, 0, 0 
2552, 1276, 10193, 27.000000, 0, 0 
2554, 1277, 10180, 26.000000, 0, 0 
2556, 1278, 10167, 27.000000, 0, 0 
2558, 1279, 10167, 26.000000, 0, 0 
2560, 1280, 10154, 27.000000, 0, 0 
2562, 1281, 10154, 25.000000, 0, 0 
2564, 1282, 10141, 27.000000, 0, 0 
2566, 1283, 10128, 25.000000, 0, 0 
2568, 1284, 10128, 26.000000, 0, 0 
2570, 1285, 10115, 26.000000, 0, 0 
2572, 1286, 10115, 33.000000, 0, 0 
2574, 1287, 10102, 25.000000, 0, 0 
2576, 1288, 10089, 27.000000, 0, 0 
2578, 1289, 10089, 25.000000, 0, 0 
2580, 1290, 10076, 27.000000, 0, 0 
2582, 1291, 10063, 26.000000, 0, 0 
2584, 1292, 10063, 27.000000, 0, 0 
2586, 1293, 10050, 26.000000, 0, 0 
2588, 1294, 10050, 26.000000, 0, 0 
2590, 1295, 10037, 26.000000, 0, 0 
2592, 1296, 10037, 25.000000, 0, 0 
2594, 1297, 10024, 41.000000, 0, 0 
2596, 1298, 10011, 27.000000, 0, 0 
2598, 1299, 10011, 26.000000, 0, 0 
2600, 1300, 9998, 26.000000, 0, 0 
2602, 1301, 9998, 25.000000, 0, 0 
2604, 1302, 9985, 27.000000, 0, 0 
2606, 1303, 9972, 25.000000, 0, 0 
2608, 1304, 9972, 26.000000, 0, 0 
2610, 1305, 9959, 26.000000, 0, 0 
2612, 1306, 9959, 25.000000, 0, 0 
2614, 1307, 9946, 26.000000, 0, 0 
2616, 1308, 9933, 25.000000, 0, 0 
2618, 1309, 9933, 27.000000, 0, 0 
2620, 1310, 9920, 27.000000, 0, 0 
2622, 1311, 9920, 25.000000, 0, 0 
2624, 1312, 9907, 25.000000, 0, 0 
2626, 1313, 9907, 28.000000, 0, 0 
2628, 1314, 9894, 25.000000, 0, 0 
2630, 1315, 9881, 26.000000, 0, 0 
2632, 1316, 9881, 25.000000, 0, 0 
2634, 1317, 9868, 26.000000, 0, 0 
2636, 1318, 9868, 25.000000, 0, 0 
2638, 1319, 9855, 43.000000, 0, 0 
2640, 1320, 9855, 26.000000, 0, 0 
2642, 1321, 9842, 27.000000, 0, 0 
2644, 1322, 9829, 27.000000, 0, 0 
2646, 1323, 9829, 25.000000, 0, 0 
2648, 1324, 9816, 28.000000, 0, 0 
2650, 1325, 9816, 27.000000, 0, 0 
2652, 1326, 9803, 26.000000, 0, 0 
2654, 1327, 9803, 25.000000, 0, 0 
2656, 1328, 9790, 26.000000, 0, 0 
2658, 1329, 9777, 26.000000, 0, 0 
2660, 1330, 9777, 24.000000, 0, 0 
2662, 1331, 9764, 26.000000, 0, 0 
2664, 1332, 9764, 25.000000, 0, 0 
2666, 1333, 9751, 27.000000, 0, 0 
2668, 1334, 9751, 26.000000, 0, 0 
2670, 1335, 9738, 25.000000, 0, 0 
2672, 1336, 9725, 26.000000, 0, 0 
2674, 1337, 9725, 27.000000, 0, 0 
2676, 1338, 9712, 26.000000, 0, 0 
2678, 1339, 9712, 25.000000, 0, 0 
2680, 1340, 9699, 25.000000, 0, 0 
2682, 1341, 9699, 30.000000, 0, 0 
2684, 1342, 9686, 26.000000, 0, 0 
2686, 1343, 9686, 26.000000, 0, 0 
2688, 1344, 9673, 25.000000, 0, 0 
2690, 1345, 9660, 26.000000, 0, 0 
2692, 1346, 9660, 26.000000, 0, 0 
2694, 1347, 9647, 26.000000, 0, 0 
2696, 1348, 9647, 27.000000, 0, 0 
2698, 1349, 9634, 27.000000, 0, 0 
2700, 1350, 9634, 26.000000, 0, 0 
2702, 1351, 9621, 25.000000, 0, 0 
2704, 1352, 9621, 37.000000, 0, 0 
2706, 1353, 10347, 26.000000, 0, 0 
2708, 1354, 10347, 25.000000, 0, 0 
2710, 1355, 10333, 26.000000, 0, 0 
2712, 1356, 10319, 25.000000, 0, 0 
2714, 1357, 10319, 26.000000, 0, 0 
2716, 1358, 10305, 27.000000, 0, 0 
2718, 1359, 10305, 25.000000, 0, 0 
2720, 1360, 10291, 30.000000, 0, 0 
2722, 1361, 10291, 25.000000, 0, 0 
2724, 1362, 10277, 23.000000, 0, 0 
2726, 1363, 10277, 26.000000, 0, 0 
2728, 1364, 10263, 25.000000, 0, 0 
2730, 1365, 10263, 25.000000, 0, 0 
2732, 1366, 10249, 26.000000, 0, 0 
2734, 1367, 10235, 25.000000, 0, 0 
2736, 1368, 10235, 25.000000, 0, 0 
2738, 1369, 10221, 27.000000, 0, 0 
2740, 1370, 10221, 25.000000, 0, 0 
2742, 1371, 10207, 24.000000, 0, 0 
2744, 1372, 10207, 26.000000, 0, 0 
2746, 1373, 10193, 25.000000, 0, 0 
2748, 1374, 10193, 26.000000, 0, 0 
2750, 1375, 10179, 27.000000, 0, 0 
2752, 1376, 10179, 25.000000, 0, 0 
2754, 1377, 10165, 26.000000, 0, 0 
2756, 1378, 10165, 26.000000, 0, 0 
2758, 1379, 10151, 26.000000, 0, 0 
2760, 1380, 10151, 28.000000, 0, 0 
2762, 1381, 10137, 25.000000, 0, 0 
2764, 1382, 10137, 25.000000, 0, 0 
2766, 1383, 10123, 26.000000, 0, 0 
2768, 1384, 10123, 23.000000, 0, 0 
2770, 1385, 10109, 25.000000, 0, 0 
2772, 1386, 10095, 26.000000, 0, 0 
2774, 1387, 10095, 25.000000, 0, 0 
2776, 1388, 10081, 24.000000, 0, 0 
2778, 1389, 10081, 26.000000, 0, 0 
2780, 1390, 10067, 26.000000, 0, 0 
2782, 1391, 10067, 25.000000, 0, 0 
2784, 1392, 10053, 26.000000, 0, 0 
2786, 1393, 10053, 30.000000, 0, 0 
2788, 1394, 10039, 26.000000, 0, 0 
2790, 1395, 10039, 24.000000, 0, 0 
2792, 1396, 10025, 25.000000, 0, 0 
2794, 1397, 10025, 25.000000, 0, 0 
2796, 1398, 10011, 27.000000, 0, 0 
2798, 1399, 10011, 24.000000, 0, 0 
2800, 1400, 9997, 25.000000, 0, 0 
2802, 1401, 9997, 25.000000, 0, 0 
2804, 1402, 9983, 26.000000, 0, 0 
2806, 1403, 9983, 25.000000, 0, 0 
2808, 1404, 9969, 32.000000, 0, 0 
2810, 1405, 9969, 26.000000, 0, 0 
2812, 1406, 9955, 24.000000, 0, 0 
2814, 1407, 9955, 25.000000, 0, 0 
2816, 1408, 9941, 26.000000, 0, 0 
2818, 1409, 9941, 25.000000, 0, 0 
2820, 1410, 9927, 24.000000, 0, 0 
2822, 1411, 9927, 26.000000, 0, 0 
2824, 1412, 9913, 26.000000, 0, 0 
2826, 1413, 9913, 27.000000, 0, 0 
2828, 1414, 9899, 26.000000, 0, 0 
2830, 1415, 9899, 24.000000, 0, 0 
2832, 1416, 9885, 25.000000, 0, 0 
2834, 1417, 9885, 22.000000, 0, 0 
2836, 1418, 9871, 25.000000, 0, 0 
2838, 1419, 9871, 26.000000, 0, 0 
2840, 1420, 9857, 25.000000, 0, 0 
2842, 1421, 9857, 25.000000, 0, 0 
2844, 1422, 9843, 25.000000, 0, 0 
2846, 1423, 9843, 24.000000, 0, 0 
2848, 1424, 9829, 26.000000, 0, 0 
2850, 1425, 9829, 25.000000, 0, 0 
2852, 1426, 9815, 23.000000, 0, 0 
2854, 1427, 9815, 25.000000, 0, 0 
2856, 1428, 9801, 23.000000, 0, 0 
2858, 1429, 9801, 25.000000, 0, 0 
2860, 1430, 9787, 26.000000, 0, 0 
2862, 1431, 9787, 25.000000, 0, 0 
2864, 1432, 9773, 26.000000, 0, 0 
2866, 1433, 9773, 25.000000, 0, 0 
2868, 1434, 9759, 26.000000, 0, 0 
2870, 1435, 9759, 29.000000, 0, 0 
2872, 1436, 10441, 26.000000, 0, 0 
2874, 1437, 10441, 26.000000, 0, 0 
2876, 1438, 10426, 25.000000, 0, 0 
2878, 1439, 10426, 25.000000, 0, 0 
2880, 1440, 10411, 24.000000, 0, 0 
2882, 1441, 10411, 26.000000, 0, 0 
2884, 1442, 10411, 26.000000, 0, 0 
2886, 1443, 10396, 25.000000, 0, 0 
2888, 1444, 10396, 27.000000, 0, 0 
2890, 1445, 10381, 41.000000, 0, 0 
2892, 1446, 10381, 27.000000, 0, 0 
2894, 1447, 10366, 26.000000, 0, 0 
2896, 1448, 10366, 25.000000, 0, 0 
2898, 1449, 10351, 26.000000, 0, 0 
2900, 1450, 10351, 25.000000, 0, 0 
2902, 1451, 10336, 26.000000, 0, 0 
2904, 1452, 10336, 25.000000, 0, 0 
2906, 1453, 10321, 25.000000, 0, 0 
2908, 1454, 10321, 26.000000, 0, 0 
2910, 1455, 10306, 27.000000, 0, 0 
2912, 1456, 10306, 37.000000, 0, 0 
2914, 1457, 10291, 27.000000, 0, 0 
2916, 1458, 10291, 27.000000, 0, 0 
2918, 1459, 10276, 26.000000, 0, 0 
2920, 1460, 10276, 25.000000, 0, 0 
2922, 1461, 10261, 25.000000, 0, 0 
2924, 1462, 10261, 25.000000, 0, 0 
2926, 1463, 10261, 26.000000, 0, 0 
2928, 1464, 10246, 26.000000, 0, 0 
2930, 1465, 10246, 26.000000, 0, 0 
2932, 1466, 10231, 26.000000, 0, 0 
2934, 1467, 10231, 33.000000, 0, 0 
2936, 1468, 10216, 26.000000, 0, 0 
2938, 1469, 10216, 27.000000, 0, 0 
2940, 1470, 10201, 27.000000, 0, 0 
2942, 1471, 10201, 26.000000, 0, 0 
2944, 1472, 10186, 27.000000, 0, 0 
2946, 1473, 10186, 26.000000, 0, 0 
2948, 1474, 10171, 26.000000, 0, 0 
2950, 1475, 10171, 26.000000, 0, 0 
2952, 1476, 10171, 26.000000, 0, 0 
2954, 1477, 10156, 27.000000, 0, 0 
2956, 1478, 10156, 34.000000, 0, 0 
2958, 1479, 10141, 27.000000, 0, 0 
2960, 1480, 10141, 26.000000, 0, 0 
2962, 1481, 10126, 26.000000, 0, 0 
2964, 1482, 10126, 27.000000, 0, 0 
2966, 1483, 10111, 25.000000, 0, 0 
2968, 1484, 10111, 27.000000, 0, 0 
2970, 1485, 10096, 26.000000, 0, 0 
2972, 1486, 10096, 27.000000, 0, 0 
2974, 1487, 10096, 25.000000, 0, 0 
2976, 1488, 10081, 26.000000, 0, 0 
2978, 1489, 10081, 33.000000, 0, 0 
2980, 1490, 10066, 26.000000, 0, 0 
2982, 1491, 10066, 27.000000, 0, 0 
2984, 1492, 10051, 25.000000, 0, 0 
2986, 1493, 10051, 27.000000, 0, 0 
2988, 1494, 10036, 25.000000, 0, 0 
2990, 1495, 10036, 27.000000, 0, 0 
2992, 1496, 10036, 26.000000, 0, 0 
2994, 1497, 10021, 27.000000, 0, 0 
2996, 1498, 10021, 25.000000, 0, 0 
2998, 1499, 10006, 26.000000, 0, 0 
3000, 1500, 10006, 29.000000, 0, 0 
3002, 1501, 9991, 27.000000, 0, 0 
3004, 1502, 9991, 26.000000, 0, 0 
3006, 1503, 9976, 26.000000, 0, 0 
3008, 1504, 9976, 26.000000, 0, 0 
3010, 1505, 9976, 27.000000, 0, 0 
3012, 1506, 9961, 25.000000, 0, 0 
3014, 1507, 9961, 27.000000, 0, 0 
3016, 1508, 9946, 25.000000, 0, 0 
3018, 1509, 9946, 26.000000, 0, 0 
3020, 1510, 9931, 26.000000, 0, 0 
3022, 1511, 9931, 37.000000, 0, 0 
3024, 1512, 9916, 27.000000, 0, 0 
3026, 1513, 9916, 26.000000, 0, 0 
3028, 1514, 9916, 26.000000, 0, 0 
3030, 1515, 9901, 26.000000, 0, 0 
3032, 1516, 10561, 25.000000, 0, 0 
3034, 1517, 10545, 29.000000, 0, 0 
3036, 1518, 10545, 25.000000, 0, 0 
3038, 1519, 10529, 24.000000, 0, 0 
3040, 1520, 10529, 25.000000, 0, 0 
3042, 1521, 10529, 22.000000, 0, 0 
3044, 1522, 10513, 26.000000, 0, 0 
3046, 1523, 10513, 25.000000, 0, 0 
3048, 1524, 10497, 25.000000, 0, 0 
3050, 1525, 10497, 22.000000, 0, 0 
3052, 1526, 10481, 25.000000, 0, 0 
3054, 1527, 10481, 25.000000, 0, 0 
3056, 1528, 10481, 28.000000, 0, 0 
3058, 1529, 10465, 26.000000, 0, 0 
3060, 1530, 10465, 25.000000, 0, 0 
3062, 1531, 10449, 26.000000, 0, 0 
3064, 1532, 10449, 24.000000, 0, 0 
3066, 1533, 10433, 25.000000, 0, 0 
3068, 1534, 10433, 26.000000, 0, 0 
3070, 1535, 10433, 25.000000, 0, 0 
3072, 1536, 10417, 26.000000, 0, 0 
3074, 1537, 10417, 25.000000, 0, 0 
3076, 1538, 10401, 26.000000, 0, 0 
3078, 1539, 10401, 28.000000, 0, 0 
3080, 1540, 10385, 25.000000, 0, 0 
3082, 1541, 10385, 22.000000, 0, 0 
3084, 1542, 10385, 26.000000, 0, 0 
3086, 1543, 10369, 25.000000, 0, 0 
3088, 1544, 10369, 25.000000, 0, 0 
3090, 1545, 10353, 26.000000, 0, 0 
3092, 1546, 10353, 28.000000, 0, 0 
3094, 1547, 10337, 22.000000, 0, 0 
3096, 1548, 10337, 24.000000, 0, 0 
3098, 1549, 10337, 25.000000, 0, 0 
3100, 1550, 10321, 27.000000, 0, 0 
3102, 1551, 10321, 26.000000, 0, 0 
3104, 1552, 10305, 25.000000, 0, 0 
3106, 1553, 10305, 25.000000, 0, 0 
3108, 1554, 10305, 25.000000, 0, 0 
3110, 1555, 10289, 25.000000, 0, 0 
3112, 1556, 10289, 25.000000, 0, 0 
3114, 1557, 10273, 28.000000, 0, 0 
3116, 1558, 10273, 26.000000, 0, 0 
3118, 1559, 10273, 25.000000, 0, 0 
3120, 1560, 10257, 26.000000, 0, 0 
3122, 1561, 10257, 29.000000, 0, 0 
3124, 1562, 10241, 26.000000, 0, 0 
3126, 1563, 10241, 25.000000, 0, 0 
3128, 1564, 10225, 26.000000, 0, 0 
3130, 1565, 10225, 26.000000, 0, 0 
3132, 1566, 10225, 25.000000, 0, 0 
3134, 1567, 10209, 27.000000, 0, 0 
3136, 1568, 10209, 25.000000, 0, 0 
3138, 1569, 10193, 23.000000, 0, 0 
3140, 1570, 10193, 24.000000, 0, 0 
3142, 1571, 10193, 26.000000, 0, 0 
3144, 1572, 10177, 28.000000, 0, 0 
3146, 1573, 10177, 25.000000, 0, 0 
3148, 1574, 10161, 30.000000, 0, 0 
3150, 1575, 10161, 26.000000, 0, 0 
3152, 1576, 10161, 25.000000, 0, 0 
3154, 1577, 10145, 27.000000, 0, 0 
3156, 1578, 10145, 26.000000, 0, 0 
3158, 1579, 10129, 25.000000, 0, 0 
3160, 1580, 10129, 26.000000, 0, 0 
3162, 1581, 10129, 25.000000, 0, 0 
3164, 1582, 10113, 25.000000, 0, 0 
3166, 1583, 10113, 27.000000, 0, 0 
3168, 1584, 10097, 26.000000, 0, 0 
3170, 1585, 10097, 29.000000, 0, 0 
3172, 1586, 10097, 25.000000, 0, 0 
3174, 1587, 10081, 25.000000, 0, 0 
3176, 1588, 10081, 25.000000, 0, 0 
3178, 1589, 10065, 26.000000, 0, 0 
3180, 1590, 10065, 28.000000, 0, 0 
3182, 1591, 10065, 23.000000, 0, 0 
3184, 1592, 10049, 24.000000, 0, 0 
3186, 1593, 10049, 24.000000, 0, 0 
3188, 1594, 10660, 26.000000, 0, 0 
3190, 1595, 10033, 25.000000, 0, 0 
3192, 1596, 10033, 22.000000, 0, 0 
3194, 1597, 10017, 26.000000, 0, 0 
3196, 1598, 10643, 27.000000, 0, 0 
3198, 1599, 10643, 25.000000, 0, 0 
3200, 1600, 10001, 27.000000, 0, 0 
3202, 1601, 10001, 26.000000, 0, 0 
3204, 1602, 9985, 26.000000, 0, 0 
3206, 1603, 10609, 25.000000, 0, 0 
3208, 1604, 10609, 41.000000, 0, 0 
3210, 1605, 9969, 28.000000, 0, 0 
3212, 1606, 10592, 27.000000, 0, 0 
3214, 1607, 10575, 26.000000, 0, 0 
3216, 1608, 10575, 26.000000, 0, 0 
3218, 1609, 10575, 25.000000, 0, 0 
3220, 1610, 10558, 25.000000, 0, 0 
3222, 1611, 10558, 27.000000, 0, 0 
3224, 1612, 10541, 26.000000, 0, 0 
3226, 1613, 10541, 26.000000, 0, 0 
3228, 1614, 10541, 25.000000, 0, 0 
3230, 1615, 10524, 28.000000, 0, 0 
3232, 1616, 10524, 26.000000, 0, 0 
3234, 1617, 10524, 26.000000, 0, 0 
3236, 1618, 10507, 26.000000, 0, 0 
3238, 1619, 10507, 26.000000, 0, 0 
3240, 1620, 10490, 26.000000, 0, 0 
3242, 1621, 10490, 25.000000, 0, 0 
3244, 1622, 10490, 26.000000, 0, 0 
3246, 1623, 10473, 25.000000, 0, 0 
3248, 1624, 10473, 26.000000, 0, 0 
3250, 1625, 10473, 26.000000, 0, 0 
3252, 1626, 10456, 40.000000, 0, 0 
3254, 1627, 10456, 25.000000, 0, 0 
3256, 1628, 10439, 27.000000, 0, 0 
3258, 1629, 10439, 27.000000, 0, 0 
3260, 1630, 10439, 25.000000, 0, 0 
3262, 1631, 10422, 27.000000, 0, 0 
3264, 1632, 10422, 24.000000, 0, 0 
3266, 1633, 10405, 28.000000, 0, 0 
3268, 1634, 10405, 25.000000, 0, 0 
3270, 1635, 10405, 26.000000, 0, 0 
3272, 1636, 10388, 26.000000, 0, 0 
3274, 1637, 10388, 35.000000, 0, 0 
3276, 1638, 10388, 27.000000, 0, 0 
3278, 1639, 10371, 27.000000, 0, 0 
3280, 1640, 10371, 27.000000, 0, 0 
3282, 1641, 10371, 25.000000, 0, 0 
3284, 1642, 10354, 28.000000, 0, 0 
3286, 1643, 10354, 26.000000, 0, 0 
3288, 1644, 10337, 27.000000, 0, 0 
3290, 1645, 10337, 26.000000, 0, 0 
3292, 1646, 10337, 26.000000, 0, 0 
3294, 1647, 10320, 26.000000, 0, 0 
3296, 1648, 10320, 43.000000, 0, 0 
3298, 1649, 10320, 26.000000, 0, 0 
3300, 1650, 10303, 27.000000, 0, 0 
3302, 1651, 10303, 25.000000, 0, 0 
3304, 1652, 10286, 25.000000, 0, 0 
3306, 1653, 10286, 27.000000, 0, 0 
3308, 1654, 10286, 25.000000, 0, 0 
3310, 1655, 10269, 26.000000, 0, 0 
3312, 1656, 10269, 26.000000, 0, 0 
3314, 1657, 10269, 26.000000, 0, 0 
3316, 1658, 10252, 28.000000, 0, 0 
3318, 1659, 10252, 42.000000, 0, 0 
3320, 1660, 10252, 27.000000, 0, 0 
3322, 1661, 10235, 25.000000, 0, 0 
3324, 1662, 10235, 26.000000, 0, 0 
3326, 1663, 10218, 25.000000, 0, 0 
3328, 1664, 10218, 27.000000, 0, 0 
3330, 1665, 10218, 26.000000, 0, 0 
3332, 1666, 10201, 27.000000, 0, 0 
3334, 1667, 10201, 26.000000, 0, 0 
3336, 1668, 10201, 26.000000, 0, 0 
3338, 1669, 10184, 26.000000, 0, 0 
3340, 1670, 10184, 25.000000, 0, 0 
3342, 1671, 10184, 26.000000, 0, 0 
3344, 1672, 10167, 27.000000, 0, 0 
3346, 1673, 10167, 25.000000, 0, 0 
3348, 1674, 10167, 25.000000, 0, 0 
3350, 1675, 10150, 26.000000, 0, 0 
3352, 1676, 10150, 25.000000, 0, 0 
3354, 1677, 10133, 26.000000, 0, 0 
3356, 1678, 10133, 26.000000, 0, 0 
3358, 1679, 10133, 26.000000, 0, 0 
3360, 1680, 10116, 26.000000, 0, 0 
3362, 1681, 10711, 25.000000, 0, 0 
3364, 1682, 10711, 26.000000, 0, 0 
3366, 1683, 10693, 25.000000, 0, 0 
3368, 1684, 10693, 26.000000, 0, 0 
3370, 1685, 10693, 25.000000, 0, 0 
3372, 1686, 10675, 24.000000, 0, 0 
3374, 1687, 10675, 27.000000, 0, 0 
3376, 1688, 10675, 25.000000, 0, 0 
3378, 1689, 10657, 26.000000, 0, 0 
3380, 1690, 10657, 26.000000, 0, 0 
3382, 1691, 10657, 23.000000, 0, 0 
3384, 1692, 10639, 26.000000, 0, 0 
3386, 1693, 10639, 26.000000, 0, 0 
3388, 1694, 10621, 25.000000, 0, 0 
3390, 1695, 10621, 26.000000, 0, 0 
3392, 1696, 10621, 25.000000, 0, 0 
3394, 1697, 10603, 26.000000, 0, 0 
3396, 1698, 10603, 26.000000, 0, 0 
3398, 1699, 10603, 26.000000, 0, 0 
3400, 1700, 10585, 28.000000, 0, 0 
3402, 1701, 10585, 26.000000, 0, 0 
3404, 1702, 10585, 23.000000, 0, 0 
3406, 1703, 10567, 25.000000, 0, 0 
3408, 1704, 10567, 26.000000, 0, 0 
3410, 1705, 10567, 25.000000, 0, 0 
3412, 1706, 10549, 26.000000, 0, 0 
3414, 1707, 10549, 25.000000, 0, 0 
3416, 1708, 10549, 26.000000, 0, 0 
3418, 1709, 10531, 28.000000, 0, 0 
3420, 1710, 10531, 25.000000, 0, 0 
3422, 1711, 10531, 28.000000, 0, 0 
3424, 1712, 10513, 25.000000, 0, 0 
3426, 1713, 10513, 23.000000, 0, 0 
3428, 1714, 10513, 27.000000, 0, 0 
3430, 1715, 10495, 25.000000, 0, 0 
3432, 1716, 10495, 28.000000, 0, 0 
3434, 1717, 10495, 25.000000, 0, 0 
3436, 1718, 10477, 26.000000, 0, 0 
3438, 1719, 10477, 26.000000, 0, 0 
3440, 1720, 10477, 27.000000, 0, 0 
3442, 1721, 10459, 25.000000, 0, 0 
3444, 1722, 10459, 32.000000, 0, 0 
3446, 1723, 10459, 26.000000, 0, 0 
3448, 1724, 10441, 23.000000, 0, 0 
3450, 1725, 10441, 25.000000, 0, 0 
3452, 1726, 10441, 27.000000, 0, 0 
3454, 1727, 10423, 25.000000, 0, 0 
3456, 1728, 10423, 26.000000, 0, 0 
3458, 1729, 10423, 26.000000, 0, 0 
3460, 1730, 10405, 25.000000, 0, 0 
3462, 1731, 10405, 27.000000, 0, 0 
3464, 1732, 10405, 26.000000, 0, 0 
3466, 1733, 10387, 29.000000, 0, 0 
3468, 1734, 10387, 26.000000, 0, 0 
3470, 1735, 10387, 24.000000, 0, 0 
3472, 1736, 10369, 25.000000, 0, 0 
3474, 1737, 10369, 27.000000, 0, 0 
3476, 1738, 10369, 28.000000, 0, 0 
3478, 1739, 10351, 26.000000, 0, 0 
3480, 1740, 10351, 24.000000, 0, 0 
3482, 1741, 10351, 26.000000, 0, 0 
3484, 1742, 10333, 27.000000, 0, 0 
3486, 1743, 10333, 26.000000, 0, 0 
3488, 1744, 10333, 28.000000, 0, 0 
3490, 1745, 10315, 26.000000, 0, 0 
3492, 1746, 10315, 22.000000, 0, 0 
3494, 1747, 10315, 25.000000, 0, 0 
3496, 1748, 10297, 25.000000, 0, 0 
3498, 1749, 10297, 25.000000, 0, 0 
3500, 1750, 10297, 26.000000, 0, 0 
3502, 1751, 10279, 25.000000, 0, 0 
3504, 1752, 10279, 26.000000, 0, 0 
3506, 1753, 10279, 28.000000, 0, 0 
3508, 1754, 10261, 25.000000, 0, 0 
3510, 1755, 10261, 30.000000, 0, 0 
3512, 1756, 10261, 26.000000, 0, 0 
3514, 1757, 10243, 25.000000, 0, 0 
3516, 1758, 10812, 27.000000, 0, 0 
3518, 1759, 10243, 26.000000, 0, 0 
3520, 1760, 10225, 25.000000, 0, 0 
3522, 1761, 10225, 26.000000, 0, 0 
3524, 1762, 10225, 25.000000, 0, 0 
3526, 1763, 10774, 35.000000, 0, 0 
3528, 1764, 10207, 27.000000, 0, 0 
3530, 1765, 10207, 26.000000, 0, 0 
3532, 1766, 10755, 27.000000, 0, 0 
3534, 1767, 10755, 25.000000, 0, 0 
3536, 1768, 10755, 26.000000, 0, 0 
3538, 1769, 10736, 26.000000, 0, 0 
3540, 1770, 10736, 27.000000, 0, 0 
3542, 1771, 10171, 25.000000, 0, 0 
3544, 1772, 10736, 26.000000, 0, 0 
3546, 1773, 10717, 26.000000, 0, 0 
3548, 1774, 10717, 25.000000, 0, 0 
3550, 1775, 10717, 27.000000, 0, 0 
3552, 1776, 10698, 26.000000, 0, 0 
3554, 1777, 10698, 27.000000, 0, 0 
3556, 1778, 10698, 24.000000, 0, 0 
3558, 1779, 10679, 26.000000, 0, 0 
3560, 1780, 10679, 27.000000, 0, 0 
3562, 1781, 10679, 28.000000, 0, 0 
3564, 1782, 10660, 27.000000, 0, 0 
3566, 1783, 10660, 26.000000, 0, 0 
3568, 1784, 10660, 26.000000, 0, 0 
3570, 1785, 10641, 35.000000, 0, 0 
3572, 1786, 10641, 26.000000, 0, 0 
3574, 1787, 10641, 27.000000, 0, 0 
3576, 1788, 10622, 26.000000, 0, 0 
3578, 1789, 10622, 27.000000, 0, 0 
3580, 1790, 10622, 26.000000, 0, 0 
3582, 1791, 10622, 26.000000, 0, 0 
3584, 1792, 10603, 26.000000, 0, 0 
3586, 1793, 10603, 27.000000, 0, 0 
3588, 1794, 10603, 26.000000, 0, 0 
3590, 1795, 10584, 25.000000, 0, 0 
3592, 1796, 10584, 38.000000, 0, 0 
3594, 1797, 10584, 26.000000, 0, 0 
3596, 1798, 10565, 27.000000, 0, 0 
3598, 1799, 10565, 26.000000, 0, 0 
3600, 1800, 10565, 26.000000, 0, 0 
3602, 1801, 10546, 26.000000, 0, 0 
3604, 1802, 10546, 26.000000, 0, 0 
3606, 1803, 10546, 26.000000, 0, 0 
3608, 1804, 10546, 26.000000, 0, 0 
3610, 1805, 10527, 25.000000, 0, 0 
3612, 1806, 10527, 27.000000, 0, 0 
3614, 1807, 10527, 31.000000, 0, 0 
3616, 1808, 10508, 26.000000, 0, 0 
3618, 1809, 10508, 26.000000, 0, 0 
3620, 1810, 10508, 26.000000, 0, 0 
3622, 1811, 10489, 25.000000, 0, 0 
3624, 1812, 10489, 28.000000, 0, 0 
3626, 1813, 10489, 26.000000, 0, 0 
3628, 1814, 10470, 26.000000, 0, 0 
3630, 1815, 10470, 25.000000, 0, 0 
3632, 1816, 10470, 26.000000, 0, 0 
3634, 1817, 10470, 26.000000, 0, 0 
3636, 1818, 10451, 26.000000, 0, 0 
3638, 1819, 10451, 25.000000, 0, 0 
3640, 1820, 10451, 27.000000, 0, 0 
3642, 1821, 10432, 26.000000, 0, 0 
3644, 1822, 10432, 26.000000, 0, 0 
3646, 1823, 10432, 26.000000, 0, 0 
3648, 1824, 10413, 25.000000, 0, 0 
3650, 1825, 10413, 28.000000, 0, 0 
3652, 1826, 10413, 27.000000, 0, 0 
3654, 1827, 10413, 26.000000, 0, 0 
3656, 1828, 10394, 26.000000, 0, 0 
3658, 1829, 10394, 24.000000, 0, 0 
3660, 1830, 10394, 27.000000, 0, 0 
3662, 1831, 10375, 27.000000, 0, 0 
3664, 1832, 10375, 27.000000, 0, 0 
3666, 1833, 10375, 26.000000, 0, 0 
3668, 1834, 10356, 25.000000, 0, 0 
3670, 1835, 10356, 24.000000, 0, 0 
3672, 1836, 10356, 28.000000, 0, 0 
3674, 1837, 10356, 25.000000, 0, 0 
3676, 1838, 10337, 25.000000, 0, 0 
3678, 1839, 10337, 27.000000, 0, 0 
3680, 1840, 10337, 39.000000, 0, 0 
3682, 1841, 10318, 27.000000, 0, 0 
3684, 1842, 10318, 27.000000, 0, 0 
3686, 1843, 10318, 27.000000, 0, 0 
3688, 1844, 10318, 26.000000, 0, 0 
3690, 1845, 10299, 25.000000, 0, 0 
3692, 1846, 10841, 26.000000, 0, 0 
3694, 1847, 10841, 25.000000, 0, 0 
3696, 1848, 10821, 27.000000, 0, 0 
3698, 1849, 10821, 25.000000, 0, 0 
3700, 1850, 10821, 23.000000, 0, 0 
3702, 1851, 10261, 26.000000, 0, 0 
3704, 1852, 10801, 26.000000, 0, 0 
3706, 1853, 10801, 25.000000, 0, 0 
3708, 1854, 10801, 26.000000, 0, 0 
3710, 1855, 10781, 26.000000, 0, 0 
3712, 1856, 10781, 25.000000, 0, 0 
3714, 1857, 10781, 28.000000, 0, 0 
3716, 1858, 10761, 25.000000, 0, 0 
3718, 1859, 10761, 26.000000, 0, 0 
3720, 1860, 10761, 25.000000, 0, 0 
3722, 1861, 10761, 23.000000, 0, 0 
3724, 1862, 10741, 26.000000, 0, 0 
3726, 1863, 10741, 25.000000, 0, 0 
3728, 1864, 10741, 25.000000, 0, 0 
3730, 1865, 10721, 26.000000, 0, 0 
3732, 1866, 10721, 26.000000, 0, 0 
3734, 1867, 10721, 26.000000, 0, 0 
3736, 1868, 10721, 27.000000, 0, 0 
3738, 1869, 10701, 25.000000, 0, 0 
3740, 1870, 10701, 22.000000, 0, 0 
3742, 1871, 10701, 26.000000, 0, 0 
3744, 1872, 10681, 23.000000, 0, 0 
3746, 1873, 10681, 25.000000, 0, 0 
3748, 1874, 10681, 26.000000, 0, 0 
3750, 1875, 10681, 26.000000, 0, 0 
3752, 1876, 10661, 26.000000, 0, 0 
3754, 1877, 10661, 25.000000, 0, 0 
3756, 1878, 10661, 26.000000, 0, 0 
3758, 1879, 10641, 26.000000, 0, 0 
3760, 1880, 10641, 25.000000, 0, 0 
3762, 1881, 10641, 29.000000, 0, 0 
3764, 1882, 10641, 25.000000, 0, 0 
3766, 1883, 10621, 24.000000, 0, 0 
3768, 1884, 10621, 27.000000, 0, 0 
3770, 1885, 10621, 26.000000, 0, 0 
3772, 1886, 10601, 25.000000, 0, 0 
3774, 1887, 10601, 26.000000, 0, 0 
3776, 1888, 10601, 26.000000, 0, 0 
3778, 1889, 10601, 25.000000, 0, 0 
3780, 1890, 10581, 26.000000, 0, 0 
3782, 1891, 10581, 25.000000, 0, 0 
3784, 1892, 10581, 25.000000, 0, 0 
3786, 1893, 10561, 25.000000, 0, 0 
3788, 1894, 10561, 25.000000, 0, 0 
3790, 1895, 10561, 25.000000, 0, 0 
3792, 1896, 10561, 27.000000, 0, 0 
3794, 1897, 10541, 25.000000, 0, 0 
3796, 1898, 10541, 22.000000, 0, 0 
3798, 1899, 10541, 25.000000, 0, 0 
3800, 1900, 10541, 26.000000, 0, 0 
3802, 1901, 10521, 27.000000, 0, 0 
3804, 1902, 10521, 25.000000, 0, 0 
3806, 1903, 10521, 32.000000, 0, 0 
3808, 1904, 10501, 26.000000, 0, 0 
3810, 1905, 10501, 25.000000, 0, 0 
3812, 1906, 10501, 26.000000, 0, 0 
3814, 1907, 10501, 26.000000, 0, 0 
3816, 1908, 10481, 25.000000, 0, 0 
3818, 1909, 10481, 26.000000, 0, 0 
3820, 1910, 10481, 25.000000, 0, 0 
3822, 1911, 10481, 26.000000, 0, 0 
3824, 1912, 10461, 28.000000, 0, 0 
3826, 1913, 10461, 26.000000, 0, 0 
3828, 1914, 10461, 24.000000, 0, 0 
3830, 1915, 10441, 26.000000, 0, 0 
3832, 1916, 10441, 24.000000, 0, 0 
3834, 1917, 10441, 26.000000, 0, 0 
3836, 1918, 10441, 26.000000, 0, 0 
3838, 1919, 10421, 27.000000, 0, 0 
3840, 1920, 10421, 22.000000, 0, 0 
3842, 1921, 10421, 25.000000, 0, 0 
3844, 1922, 10421, 26.000000, 0, 0 
3846, 1923, 10401, 29.000000, 0, 0 
3848, 1924, 10401, 25.000000, 0, 0 
3850, 1925, 10401, 30.000000, 0, 0 
3852, 1926, 10900, 25.000000, 0, 0 
3854, 1927, 10900, 25.000000, 0, 0 
3856, 1928, 10381, 25.000000, 0, 0 
3858, 1929, 10900, 27.000000, 0, 0 
3860, 1930, 10361, 25.000000, 0, 0 
3862, 1931, 10879, 25.000000, 0, 0 
3864, 1932, 10879, 26.000000, 0, 0 
3866, 1933, 10879, 25.000000, 0, 0 
3868, 1934, 10858, 25.000000, 0, 0 
3870, 1935, 10858, 26.000000, 0, 0 
3872, 1936, 10858, 26.000000, 0, 0 
3874, 1937, 10837, 26.000000, 0, 0 
3876, 1938, 10837, 26.000000, 0, 0 
3878, 1939, 10837, 26.000000, 0, 0 
3880, 1940, 10837, 28.000000, 0, 0 
3882, 1941, 10816, 26.000000, 0, 0 
3884, 1942, 10816, 27.000000, 0, 0 
3886, 1943, 10816, 27.000000, 0, 0 
3888, 1944, 10816, 26.000000, 0, 0 
3890, 1945, 10795, 27.000000, 0, 0 
3892, 1946, 10795, 26.000000, 0, 0 
3894, 1947, 10795, 26.000000, 0, 0 
3896, 1948, 10795, 26.000000, 0, 0 
3898, 1949, 10774, 26.000000, 0, 0 
3900, 1950, 10774, 27.000000, 0, 0 
3902, 1951, 10774, 27.000000, 0, 0 
3904, 1952, 10774, 25.000000, 0, 0 
3906, 1953, 10753, 25.000000, 0, 0 
3908, 1954, 10753, 26.000000, 0, 0 
3910, 1955, 10753, 25.000000, 0, 0 
3912, 1956, 10732, 27.000000, 0, 0 
3914, 1957, 10732, 25.000000, 0, 0 
3916, 1958, 10732, 26.000000, 0, 0 
3918, 1959, 10732, 25.000000, 0, 0 
3920, 1960, 10711, 26.000000, 0, 0 
3922, 1961, 10711, 27.000000, 0, 0 
3924, 1962, 10711, 27.000000, 0, 0 
3926, 1963, 10711, 26.000000, 0, 0 
3928, 1964, 10690, 26.000000, 0, 0 
3930, 1965, 10690, 26.000000, 0, 0 
3932, 1966, 10690, 30.000000, 0, 0 
3934, 1967, 10690, 27.000000, 0, 0 
3936, 1968, 10669, 26.000000, 0, 0 
3938, 1969, 10669, 25.000000, 0, 0 
3940, 1970, 10669, 26.000000, 0, 0 
3942, 1971, 10669, 25.000000, 0, 0 
3944, 1972, 10648, 26.000000, 0, 0 
3946, 1973, 10648, 28.000000, 0, 0 
3948, 1974, 10648, 26.000000, 0, 0 
3950, 1975, 10648, 25.000000, 0, 0 
3952, 1976, 10627, 26.000000, 0, 0 
3954, 1977, 10627, 28.000000, 0, 0 
3956, 1978, 10627, 27.000000, 0, 0 
3958, 1979, 10627, 27.000000, 0, 0 
3960, 1980, 10606, 27.000000, 0, 0 
3962, 1981, 10606, 27.000000, 0, 0 
3964, 1982, 10606, 27.000000, 0, 0 
3966, 1983, 10606, 26.000000, 0, 0 
3968, 1984, 10585, 27.000000, 0, 0 
3970, 1985, 10585, 27.000000, 0, 0 
3972, 1986, 10585, 26.000000, 0, 0 
3974, 1987, 10585, 25.000000, 0, 0 
3976, 1988, 10564, 31.000000, 0, 0 
3978, 1989, 10564, 25.000000, 0, 0 
3980, 1990, 10564, 27.000000, 0, 0 
3982, 1991, 10564, 27.000000, 0, 0 
3984, 1992, 10543, 25.000000, 0, 0 
3986, 1993, 10543, 26.000000, 0, 0 
3988, 1994, 10543, 26.000000, 0, 0 
3990, 1995, 10543, 25.000000, 0, 0 
3992, 1996, 10522, 26.000000, 0, 0 
3994, 1997, 10522, 25.000000, 0, 0 
3996, 1998, 10522, 26.000000, 0, 0 
3998, 1999, 10522, 26.000000, 0, 0 
4000, 2000, 10501, 26.000000, 0, 0 
4002, 2001, 10501, 25.000000, 0, 0 
4004, 2002, 10501, 26.000000, 0, 0 
4006, 2003, 10501, 25.000000, 0, 0 
4008, 2004, 10480, 26.000000, 0, 0 
4010, 2005, 10480, 26.000000, 0, 0 
4012, 2006, 10480, 26.000000, 0, 0 
4014, 2007, 10480, 25.000000, 0, 0 
4016, 2008, 10459, 25.000000, 0, 0 
4018, 2009, 10459, 25.000000, 0, 0 
4020, 2010, 10459, 34.000000, 0, 0 
4022, 2011, 10957, 25.000000, 0, 0 
4024, 2012, 10935, 27.000000, 0, 0 
4026, 2013, 10935, 26.000000, 0, 0 
4028, 2014, 10935, 26.000000, 0, 0 
4030, 2015, 10935, 26.000000, 0, 0 
4032, 2016, 10913, 28.000000, 0, 0 
4034, 2017, 10913, 26.000000, 0, 0 
4036, 2018, 10913, 32.000000, 0, 0 
4038, 2019, 10913, 26.000000, 0, 0 
4040, 2020, 10891, 22.000000, 0, 0 
4042, 2021, 10891, 26.000000, 0, 0 
4044, 2022, 10891, 25.000000, 0, 0 
4046, 2023, 10891, 29.000000, 0, 0 
4048, 2024, 10869, 26.000000, 0, 0 
4050, 2025, 10869, 24.000000, 0, 0 
4052, 2026, 10869, 25.000000, 0, 0 
4054, 2027, 10869, 27.000000, 0, 0 
4056, 2028, 10847, 26.000000, 0, 0 
4058, 2029, 10847, 28.000000, 0, 0 
4060, 2030, 10847, 25.000000, 0, 0 
4062, 2031, 10847, 25.000000, 0, 0 
4064, 2032, 10825, 26.000000, 0, 0 
4066, 2033, 10825, 26.000000, 0, 0 
4068, 2034, 10825, 25.000000, 0, 0 
4070, 2035, 10825, 26.000000, 0, 0 
4072, 2036, 10803, 25.000000, 0, 0 
4074, 2037, 10803, 25.000000, 0, 0 
4076, 2038, 10803, 29.000000, 0, 0 
4078, 2039, 10803, 26.000000, 0, 0 
4080, 2040, 10781, 32.000000, 0, 0 
4082, 2041, 10781, 25.000000, 0, 0 
4084, 2042, 10781, 25.000000, 0, 0 
4086, 2043, 10781, 25.000000, 0, 0 
4088, 2044, 10759, 26.000000, 0, 0 
4090, 2045, 10759, 25.000000, 0, 0 
4092, 2046, 10759, 26.000000, 0, 0 
4094, 2047, 10759, 25.000000, 0, 0 
4096, 2048, 10759, 25.000000, 0, 0 
4098, 2049, 10737, 29.000000, 0, 0 
4100, 2050, 10737, 25.000000, 0, 0 
4102, 2051, 10737, 25.000000, 0, 0 
4104, 2052, 10737, 25.000000, 0, 0 
4106, 2053, 10715, 25.000000, 0, 0 
4108, 2054, 10715, 25.000000, 0, 0 
4110, 2055, 10715, 26.000000, 0, 0 
4112, 2056, 10715, 25.000000, 0, 0 
4114, 2057, 10693, 25.000000, 0, 0 
4116, 2058, 10693, 25.000000, 0, 0 
4118, 2059, 10693, 26.000000, 0, 0 
4120, 2060, 10693, 27.000000, 0, 0 
4122, 2061, 10671, 26.000000, 0, 0 
4124, 2062, 10671, 25.000000, 0, 0 
4126, 2063, 10671, 26.000000, 0, 0 
4128, 2064, 10671, 23.000000, 0, 0 
4130, 2065, 10671, 26.000000, 0, 0 
4132, 2066, 10649, 26.000000, 0, 0 
4134, 2067, 10649, 28.000000, 0, 0 
4136, 2068, 10649, 26.000000, 0, 0 
4138, 2069, 10649, 25.000000, 0, 0 
4140, 2070, 10627, 26.000000, 0, 0 
4142, 2071, 10627, 27.000000, 0, 0 
4144, 2072, 10627, 26.000000, 0, 0 
4146, 2073, 10627, 22.000000, 0, 0 
4148, 2074, 10605, 26.000000, 0, 0 
4150, 2075, 10605, 22.000000, 0, 0 
4152, 2076, 10605, 25.000000, 0, 0 
4154, 2077, 10605, 25.000000, 0, 0 
4156, 2078, 10605, 25.000000, 0, 0 
4158, 2079, 10583, 26.000000, 0, 0 
4160, 2080, 10583, 25.000000, 0, 0 
4162, 2081, 10583, 26.000000, 0, 0 
4164, 2082, 10583, 29.000000, 0, 0 
4166, 2083, 10561, 26.000000, 0, 0 
4168, 2084, 10561, 32.000000, 0, 0 
4170, 2085, 10561, 25.000000, 0, 0 
4172, 2086, 10561, 25.000000, 0, 0 
4174, 2087, 10539, 26.000000, 0, 0 
4176, 2088, 10539, 26.000000, 0, 0 
4178, 2089, 10539, 25.000000, 0, 0 
4180, 2090, 10539, 26.000000, 0, 0 
4182, 2091, 10539, 25.000000, 0, 0 
4184, 2092, 10995, 25.000000, 0, 0 
4186, 2093, 10517, 27.000000, 0, 0 
4188, 2094, 10517, 25.000000, 0, 0 
4190, 2095, 10995, 27.000000, 0, 0 
4192, 2096, 10972, 25.000000, 0, 0 
4194, 2097, 10495, 23.000000, 0, 0 
4196, 2098, 10972, 26.000000, 0, 0 
4198, 2099, 10972, 25.000000, 0, 0 
4200, 2100, 10949, 27.000000, 0, 0 
4202, 2101, 10949, 27.000000, 0, 0 
4204, 2102, 10949, 27.000000, 0, 0 
4206, 2103, 10949, 43.000000, 0, 0 
4208, 2104, 10949, 26.000000, 0, 0 
4210, 2105, 10926, 26.000000, 0, 0 
4212, 2106, 10926, 26.000000, 0, 0 
4214, 2107, 10926, 25.000000, 0, 0 
4216, 2108, 10926, 25.000000, 0, 0 
4218, 2109, 10903, 26.000000, 0, 0 
4220, 2110, 10903, 25.000000, 0, 0 
4222, 2111, 10903, 26.000000, 0, 0 
4224, 2112, 10903, 25.000000, 0, 0 
4226, 2113, 10903, 26.000000, 0, 0 
4228, 2114, 10880, 42.000000, 0, 0 
4230, 2115, 10880, 26.000000, 0, 0 
4232, 2116, 10880, 26.000000, 0, 0 
4234, 2117, 10880, 25.000000, 0, 0 
4236, 2118, 10857, 26.000000, 0, 0 
4238, 2119, 10857, 25.000000, 0, 0 
4240, 2120, 10857, 26.000000, 0, 0 
4242, 2121, 10857, 25.000000, 0, 0 
4244, 2122, 10857, 25.000000, 0, 0 
4246, 2123, 10834, 26.000000, 0, 0 
4248, 2124, 10834, 25.000000, 0, 0 
4250, 2125, 10834, 34.000000, 0, 0 
4252, 2126, 10834, 26.000000, 0, 0 
4254, 2127, 10811, 26.000000, 0, 0 
4256, 2128, 10811, 26.000000, 0, 0 
4258, 2129, 10811, 24.000000, 0, 0 
4260, 2130, 10811, 26.000000, 0, 0 
4262, 2131, 10811, 24.000000, 0, 0 
4264, 2132, 10788, 27.000000, 0, 0 
4266, 2133, 10788, 27.000000, 0, 0 
4268, 2134, 10788, 25.000000, 0, 0 
4270, 2135, 10788, 25.000000, 0, 0 
4272, 2136, 10765, 28.000000, 0, 0 
4274, 2137, 10765, 26.000000, 0, 0 
4276, 2138, 10765, 27.000000, 0, 0 
4278, 2139, 10765, 26.000000, 0, 0 
4280, 2140, 10765, 25.000000, 0, 0 
4282, 2141, 10742, 25.000000, 0, 0 
4284, 2142, 10742, 27.000000, 0, 0 
4286, 2143, 10742, 26.000000, 0, 0 
4288, 2144, 10742, 27.000000, 0, 0 
4290, 2145, 10719, 25.000000, 0, 0 
4292, 2146, 10719, 25.000000, 0, 0 
4294, 2147, 10719, 32.000000, 0, 0 
4296, 2148, 10719, 24.000000, 0, 0 
4298, 2149, 10719, 26.000000, 0, 0 
4300, 2150, 10696, 27.000000, 0, 0 
4302, 2151, 10696, 26.000000, 0, 0 
4304, 2152, 10696, 27.000000, 0, 0 
4306, 2153, 10696, 25.000000, 0, 0 
4308, 2154, 10696, 27.000000, 0, 0 
4310, 2155, 10673, 26.000000, 0, 0 
4312, 2156, 10673, 26.000000, 0, 0 
4314, 2157, 10673, 27.000000, 0, 0 
4316, 2158, 10673, 32.000000, 0, 0 
4318, 2159, 10650, 26.000000, 0, 0 
4320, 2160, 10650, 27.000000, 0, 0 
4322, 2161, 10650, 26.000000, 0, 0 
4324, 2162, 10650, 27.000000, 0, 0 
4326, 2163, 10650, 25.000000, 0, 0 
4328, 2164, 10627, 26.000000, 0, 0 
4330, 2165, 10627, 27.000000, 0, 0 
4332, 2166, 10627, 26.000000, 0, 0 
4334, 2167, 10627, 27.000000, 0, 0 
4336, 2168, 10627, 25.000000, 0, 0 
4338, 2169, 10604, 40.000000, 0, 0 
4340, 2170, 10604, 27.000000, 0, 0 
4342, 2171, 10604, 25.000000, 0, 0 
4344, 2172, 10604, 27.000000, 0, 0 
4346, 2173, 10581, 24.000000, 0, 0 
4348, 2174, 10581, 27.000000, 0, 0 
4350, 2175, 10581, 26.000000, 0, 0 
4352, 2176, 11041, 25.000000, 0, 0 
4354, 2177, 11041, 27.000000, 0, 0 
4356, 2178, 11017, 25.000000, 0, 0 
4358, 2179, 11017, 23.000000, 0, 0 
4360, 2180, 11017, 25.000000, 0, 0 
4362, 2181, 11017, 26.000000, 0, 0 
4364, 2182, 11017, 26.000000, 0, 0 
4366, 2183, 10993, 26.000000, 0, 0 
4368, 2184, 10993, 25.000000, 0, 0 
4370, 2185, 10993, 25.000000, 0, 0 
4372, 2186, 10993, 26.000000, 0, 0 
4374, 2187, 10993, 25.000000, 0, 0 
4376, 2188, 10969, 30.000000, 0, 0 
4378, 2189, 10969, 26.000000, 0, 0 
4380, 2190, 10969, 24.000000, 0, 0 
4382, 2191, 10969, 25.000000, 0, 0 
4384, 2192, 10945, 25.000000, 0, 0 
4386, 2193, 10945, 25.000000, 0, 0 
4388, 2194, 10945, 23.000000, 0, 0 
4390, 2195, 10945, 25.000000, 0, 0 
4392, 2196, 10945, 26.000000, 0, 0 
4394, 2197, 10921, 28.000000, 0, 0 
4396, 2198, 10921, 26.000000, 0, 0 
4398, 2199, 10921, 22.000000, 0, 0 
4400, 2200, 10921, 26.000000, 0, 0 
4402, 2201, 10921, 23.000000, 0, 0 
4404, 2202, 10897, 25.000000, 0, 0 
4406, 2203, 10897, 25.000000, 0, 0 
4408, 2204, 10897, 26.000000, 0, 0 
4410, 2205, 10897, 25.000000, 0, 0 
4412, 2206, 10897, 25.000000, 0, 0 
4414, 2207, 10873, 25.000000, 0, 0 
4416, 2208, 10873, 25.000000, 0, 0 
4418, 2209, 10873, 25.000000, 0, 0 
4420, 2210, 10873, 26.000000, 0, 0 
4422, 2211, 10873, 25.000000, 0, 0 
4424, 2212, 10849, 24.000000, 0, 0 
4426, 2213, 10849, 27.000000, 0, 0 
4428, 2214, 10849, 26.000000, 0, 0 
4430, 2215, 10849, 25.000000, 0, 0 
4432, 2216, 10849, 26.000000, 0, 0 
4434, 2217, 10825, 26.000000, 0, 0 
4436, 2218, 10825, 25.000000, 0, 0 
4438, 2219, 10825, 28.000000, 0, 0 
4440, 2220, 10825, 25.000000, 0, 0 
4442, 2221, 10825, 24.000000, 0, 0 
4444, 2222, 10801, 26.000000, 0, 0 
4446, 2223, 10801, 25.000000, 0, 0 
4448, 2224, 10801, 25.000000, 0, 0 
4450, 2225, 10801, 25.000000, 0, 0 
4452, 2226, 10801, 28.000000, 0, 0 
4454, 2227, 10777, 24.000000, 0, 0 
4456, 2228, 10777, 26.000000, 0, 0 
4458, 2229, 10777, 25.000000, 0, 0 
4460, 2230, 10777, 26.000000, 0, 0 
4462, 2231, 10777, 25.000000, 0, 0 
4464, 2232, 10753, 29.000000, 0, 0 
4466, 2233, 10753, 26.000000, 0, 0 
4468, 2234, 10753, 25.000000, 0, 0 
4470, 2235, 10753, 26.000000, 0, 0 
4472, 2236, 10753, 25.000000, 0, 0 
4474, 2237, 10729, 25.000000, 0, 0 
4476, 2238, 10729, 26.000000, 0, 0 
4478, 2239, 10729, 26.000000, 0, 0 
4480, 2240, 10729, 26.000000, 0, 0 
4482, 2241, 10729, 28.000000, 0, 0 
4484, 2242, 10705, 26.000000, 0, 0 
4486, 2243, 10705, 31.000000, 0, 0 
4488, 2244, 10705, 26.000000, 0, 0 
4490, 2245, 10705, 25.000000, 0, 0 
4492, 2246, 10705, 26.000000, 0, 0 
4494, 2247, 10681, 26.000000, 0, 0 
4496, 2248, 10681, 25.000000, 0, 0 
4498, 2249, 10681, 26.000000, 0, 0 
4500, 2250, 10681, 24.000000, 0, 0 
4502, 2251, 10681, 25.000000, 0, 0 
4504, 2252, 10657, 26.000000, 0, 0 
4506, 2253, 11101, 27.000000, 0, 0 
4508, 2254, 10657, 30.000000, 0, 0 
4510, 2255, 10657, 25.000000, 0, 0 
4512, 2256, 11101, 25.000000, 0, 0 
4514, 2257, 10633, 26.000000, 0, 0 
4516, 2258, 11076, 27.000000, 0, 0 
4518, 2259, 10633, 25.000000, 0, 0 
4520, 2260, 11076, 25.000000, 0, 0 
4522, 2261, 11076, 25.000000, 0, 0 
4524, 2262, 11051, 36.000000, 0, 0 
4526, 2263, 11051, 27.000000, 0, 0 
4528, 2264, 11051, 27.000000, 0, 0 
4530, 2265, 11051, 25.000000, 0, 0 
4532, 2266, 11051, 25.000000, 0, 0 
4534, 2267, 11026, 26.000000, 0, 0 
4536, 2268, 11026, 25.000000, 0, 0 
4538, 2269, 11026, 26.000000, 0, 0 
4540, 2270, 11026, 26.000000, 0, 0 
4542, 2271, 11026, 26.000000, 0, 0 
4544, 2272, 11001, 25.000000, 0, 0 
4546, 2273, 11001, 24.000000, 0, 0 
4548, 2274, 11001, 26.000000, 0, 0 
4550, 2275, 11001, 27.000000, 0, 0 
4552, 2276, 11001, 26.000000, 0, 0 
4554, 2277, 10976, 26.000000, 0, 0 
4556, 2278, 10976, 27.000000, 0, 0 
4558, 2279, 10976, 26.000000, 0, 0 
4560, 2280, 10976, 26.000000, 0, 0 
4562, 2281, 10976, 26.000000, 0, 0 
4564, 2282, 10976, 27.000000, 0, 0 
4566, 2283, 10951, 25.000000, 0, 0 
4568, 2284, 10951, 25.000000, 0, 0 
4570, 2285, 10951, 27.000000, 0, 0 
4572, 2286, 10951, 27.000000, 0, 0 
4574, 2287, 10951, 26.000000, 0, 0 
4576, 2288, 10926, 25.000000, 0, 0 
4578, 2289, 10926, 26.000000, 0, 0 
4580, 2290, 10926, 27.000000, 0, 0 
4582, 2291, 10926, 26.000000, 0, 0 
4584, 2292, 10926, 26.000000, 0, 0 
4586, 2293, 10901, 25.000000, 0, 0 
4588, 2294, 10901, 25.000000, 0, 0 
4590, 2295, 10901, 28.000000, 0, 0 
4592, 2296, 10901, 27.000000, 0, 0 
4594, 2297, 10901, 26.000000, 0, 0 
4596, 2298, 10876, 26.000000, 0, 0 
4598, 2299, 10876, 24.000000, 0, 0 
4600, 2300, 10876, 26.000000, 0, 0 
4602, 2301, 10876, 26.000000, 0, 0 
4604, 2302, 10876, 26.000000, 0, 0 
4606, 2303, 10876, 25.000000, 0, 0 
4608, 2304, 10851, 26.000000, 0, 0 
4610, 2305, 10851, 25.000000, 0, 0 
4612, 2306, 10851, 43.000000, 0, 0 
4614, 2307, 10851, 26.000000, 0, 0 
4616, 2308, 10851, 25.000000, 0, 0 
4618, 2309, 10826, 27.000000, 0, 0 
4620, 2310, 10826, 26.000000, 0, 0 
4622, 2311, 10826, 26.000000, 0, 0 
4624, 2312, 10826, 24.000000, 0, 0 
4626, 2313, 10826, 26.000000, 0, 0 
4628, 2314, 10801, 25.000000, 0, 0 
4630, 2315, 10801, 27.000000, 0, 0 
4632, 2316, 10801, 26.000000, 0, 0 
4634, 2317, 10801, 22.000000, 0, 0 
4636, 2318, 10801, 24.000000, 0, 0 
4638, 2319, 10801, 27.000000, 0, 0 
4640, 2320, 10776, 27.000000, 0, 0 
4642, 2321, 10776, 27.000000, 0, 0 
4644, 2322, 10776, 28.000000, 0, 0 
4646, 2323, 10776, 25.000000, 0, 0 
4648, 2324, 10776, 27.000000, 0, 0 
4650, 2325, 10751, 27.000000, 0, 0 
4652, 2326, 10751, 26.000000, 0, 0 
4654, 2327, 10751, 25.000000, 0, 0 
4656, 2328, 10751, 23.000000, 0, 0 
4658, 2329, 10751, 25.000000, 0, 0 
4660, 2330, 10751, 27.000000, 0, 0 
4662, 2331, 10726, 26.000000, 0, 0 
4664, 2332, 10726, 25.000000, 0, 0 
4666, 2333, 10726, 25.000000, 0, 0 
4668, 2334, 10726, 26.000000, 0, 0 
4670, 2335, 10726, 25.000000, 0, 0 
4672, 2336, 11129, 30.000000, 0, 0 
4674, 2337, 11129, 25.000000, 0, 0 
4676, 2338, 10701, 26.000000, 0, 0 
4678, 2339, 11129, 25.000000, 0, 0 
4680, 2340, 11129, 25.000000, 0, 0 
4682, 2341, 11103, 26.000000, 0, 0 
4684, 2342, 11103, 23.000000, 0, 0 
4686, 2343, 10676, 27.000000, 0, 0 
4688, 2344, 11103, 26.000000, 0, 0 
4690, 2345, 10676, 24.000000, 0, 0 
4692, 2346, 11103, 25.000000, 0, 0 
4694, 2347, 11077, 27.000000, 0, 0 
4696, 2348, 11077, 26.000000, 0, 0 
4698, 2349, 11077, 26.000000, 0, 0 
4700, 2350, 11077, 25.000000, 0, 0 
4702, 2351, 11077, 26.000000, 0, 0 
4704, 2352, 11051, 25.000000, 0, 0 
4706, 2353, 11051, 22.000000, 0, 0 
4708, 2354, 11051, 25.000000, 0, 0 
4710, 2355, 11051, 25.000000, 0, 0 
4712, 2356, 11051, 28.000000, 0, 0 
4714, 2357, 11051, 26.000000, 0, 0 
4716, 2358, 11025, 22.000000, 0, 0 
4718, 2359, 11025, 26.000000, 0, 0 
4720, 2360, 11025, 25.000000, 0, 0 
4722, 2361, 11025, 26.000000, 0, 0 
4724, 2362, 11025, 26.000000, 0, 0 
4726, 2363, 11025, 28.000000, 0, 0 
4728, 2364, 10999, 25.000000, 0, 0 
4730, 2365, 10999, 25.000000, 0, 0 
4732, 2366, 10999, 25.000000, 0, 0 
4734, 2367, 10999, 29.000000, 0, 0 
4736, 2368, 10999, 25.000000, 0, 0 
4738, 2369, 10973, 24.000000, 0, 0 
4740, 2370, 10973, 25.000000, 0, 0 
4742, 2371, 10973, 26.000000, 0, 0 
4744, 2372, 10973, 25.000000, 0, 0 
4746, 2373, 10973, 26.000000, 0, 0 
4748, 2374, 10973, 25.000000, 0, 0 
4750, 2375, 10947, 23.000000, 0, 0 
4752, 2376, 10947, 26.000000, 0, 0 
4754, 2377, 10947, 25.000000, 0, 0 
4756, 2378, 10947, 26.000000, 0, 0 
4758, 2379, 10947, 26.000000, 0, 0 
4760, 2380, 10921, 26.000000, 0, 0 
4762, 2381, 10921, 26.000000, 0, 0 
4764, 2382, 10921, 24.000000, 0, 0 
4766, 2383, 10921, 25.000000, 0, 0 
4768, 2384, 10921, 26.000000, 0, 0 
4770, 2385, 10921, 26.000000, 0, 0 
4772, 2386, 10895, 26.000000, 0, 0 
4774, 2387, 10895, 26.000000, 0, 0 
4776, 2388, 10895, 26.000000, 0, 0 
4778, 2389, 10895, 29.000000, 0, 0 
4780, 2390, 10895, 26.000000, 0, 0 
4782, 2391, 10895, 25.000000, 0, 0 
4784, 2392, 10869, 25.000000, 0, 0 
4786, 2393, 10869, 25.000000, 0, 0 
4788, 2394, 10869, 26.000000, 0, 0 
4790, 2395, 10869, 26.000000, 0, 0 
4792, 2396, 10869, 25.000000, 0, 0 
4794, 2397, 10869, 26.000000, 0, 0 
4796, 2398, 10843, 25.000000, 0, 0 
4798, 2399, 10843, 26.000000, 0, 0 
4800, 2400, 10843, 25.000000, 0, 0 
4802, 2401, 10843, 26.000000, 0, 0 
4804, 2402, 10843, 30.000000, 0, 0 
4806, 2403, 10817, 26.000000, 0, 0 
4808, 2404, 10817, 26.000000, 0, 0 
4810, 2405, 10817, 25.000000, 0, 0 
4812, 2406, 10817, 27.000000, 0, 0 
4814, 2407, 10817, 25.000000, 0, 0 
4816, 2408, 10817, 25.000000, 0, 0 
4818, 2409, 10791, 26.000000, 0, 0 
4820, 2410, 10791, 25.000000, 0, 0 
4822, 2411, 10791, 29.000000, 0, 0 
4824, 2412, 10791, 25.000000, 0, 0 
4826, 2413, 10791, 31.000000, 0, 0 
4828, 2414, 10791, 26.000000, 0, 0 
4830, 2415, 10765, 26.000000, 0, 0 
4832, 2416, 11179, 25.000000, 0, 0 
4834, 2417, 10765, 27.000000, 0, 0 
4836, 2418, 11179, 27.000000, 0, 0 
4838, 2419, 10765, 26.000000, 0, 0 
4840, 2420, 10765, 25.000000, 0, 0 
4842, 2421, 11152, 38.000000, 0, 0 
4844, 2422, 11152, 27.000000, 0, 0 
4846, 2423, 11152, 27.000000, 0, 0 
4848, 2424, 11152, 27.000000, 0, 0 
4850, 2425, 11152, 26.000000, 0, 0 
4852, 2426, 11152, 26.000000, 0, 0 
4854, 2427, 11125, 26.000000, 0, 0 
4856, 2428, 11125, 26.000000, 0, 0 
4858, 2429, 11125, 26.000000, 0, 0 
4860, 2430, 11125, 25.000000, 0, 0 
4862, 2431, 11125, 26.000000, 0, 0 
4864, 2432, 11125, 28.000000, 0, 0 
4866, 2433, 10687, 28.000000, 0, 0 
4868, 2434, 11098, 27.000000, 0, 0 
4870, 2435, 11098, 26.000000, 0, 0 
4872, 2436, 11098, 26.000000, 0, 0 
4874, 2437, 11098, 25.000000, 0, 0 
4876, 2438, 11098, 25.000000, 0, 0 
4878, 2439, 11071, 28.000000, 0, 0 
4880, 2440, 11071, 25.000000, 0, 0 
4882, 2441, 11071, 26.000000, 0, 0 
4884, 2442, 11071, 25.000000, 0, 0 
4886, 2443, 11071, 25.000000, 0, 0 
4888, 2444, 11044, 26.000000, 0, 0 
4890, 2445, 11044, 26.000000, 0, 0 
4892, 2446, 11044, 26.000000, 0, 0 
4894, 2447, 11044, 26.000000, 0, 0 
4896, 2448, 11044, 26.000000, 0, 0 
4898, 2449, 11044, 26.000000, 0, 0 
4900, 2450, 11017, 26.000000, 0, 0 
4902, 2451, 11017, 26.000000, 0, 0 
4904, 2452, 11017, 25.000000, 0, 0 
4906, 2453, 11017, 26.000000, 0, 0 
4908, 2454, 11017, 29.000000, 0, 0 
4910, 2455, 11017, 27.000000, 0, 0 
4912, 2456, 11017, 26.000000, 0, 0 
4914, 2457, 10990, 25.000000, 0, 0 
4916, 2458, 10990, 25.000000, 0, 0 
4918, 2459, 10990, 26.000000, 0, 0 
4920, 2460, 10990, 27.000000, 0, 0 
4922, 2461, 10990, 25.000000, 0, 0 
4924, 2462, 10990, 26.000000, 0, 0 
4926, 2463, 10963, 26.000000, 0, 0 
4928, 2464, 10963, 26.000000, 0, 0 
4930, 2465, 10963, 37.000000, 0, 0 
4932, 2466, 10963, 26.000000, 0, 0 
4934, 2467, 10963, 26.000000, 0, 0 
4936, 2468, 10963, 26.000000, 0, 0 
4938, 2469, 10936, 26.000000, 0, 0 
4940, 2470, 10936, 28.000000, 0, 0 
4942, 2471, 10936, 24.000000, 0, 0 
4944, 2472, 10936, 27.000000, 0, 0 
4946, 2473, 10936, 26.000000, 0, 0 
4948, 2474, 10936, 26.000000, 0, 0 
4950, 2475, 10909, 26.000000, 0, 0 
4952, 2476, 10909, 29.000000, 0, 0 
4954, 2477, 10909, 27.000000, 0, 0 
4956, 2478, 10909, 26.000000, 0, 0 
4958, 2479, 10909, 27.000000, 0, 0 
4960, 2480, 10909, 24.000000, 0, 0 
4962, 2481, 10882, 27.000000, 0, 0 
4964, 2482, 10882, 25.000000, 0, 0 
4966, 2483, 10882, 27.000000, 0, 0 
4968, 2484, 10882, 25.000000, 0, 0 
4970, 2485, 10882, 25.000000, 0, 0 
4972, 2486, 10882, 26.000000, 0, 0 
4974, 2487, 10855, 39.000000, 0, 0 
4976, 2488, 10855, 25.000000, 0, 0 
4978, 2489, 10855, 26.000000, 0, 0 
4980, 2490, 10855, 27.000000, 0, 0 
4982, 2491, 10855, 25.000000, 0, 0 
4984, 2492, 10855, 27.000000, 0, 0 
4986, 2493, 10828, 26.000000, 0, 0 
4988, 2494, 10828, 27.000000, 0, 0 
4990, 2495, 10828, 25.000000, 0, 0 
4992, 2496, 10828, 25.000000, 0, 0 
4994, 2497, 10828, 26.000000, 0, 0 
4996, 2498, 10828, 31.000000, 0, 0 
4998, 2499, 10828, 25.000000, 0, 0 
5000, 2500, 10801, 26.000000, 0, 0 
